[
    -99927,
    2246,
    97681
],
[
    -99927,
    12687,
    87240
],
[
    -99851,
    10093,
    89758
],
[
    -99851,
    11474,
    88377
],
[
    -99851,
    13483,
    86368
],
[
    -99822,
    21,
    99801
],
[
    -99822,
    12582,
    87240
],
[
    -99822,
    12741,
    87081
],
[
    -99822,
    13200,
    86622
],
[
    -99637,
    4508,
    95129
],
[
    -99637,
    11276,
    88361
],
[
    -99583,
    46,
    99537
],
[
    -99583,
    6822,
    92761
],
[
    -99583,
    8838,
    90745
],
[
    -99583,
    12642,
    86941
],
[
    -99555,
    2099,
    97456
],
[
    -99555,
    10151,
    89404
],
[
    -99555,
    13033,
    86522
],
[
    -99525,
    1897,
    97628
],
[
    -99525,
    8990,
    90535
],
[
    -99525,
    9541,
    89984
],
[
    -99524,
    -394,
    99918
],
[
    -99524,
    6184,
    93340
],
[
    -99524,
    9612,
    89912
],
[
    -99508,
    3649,
    95859
],
[
    -99508,
    5852,
    93656
],
[
    -99500,
    860,
    98640
],
[
    -99500,
    4460,
    95040
],
[
    -99500,
    4675,
    94825
],
[
    -99500,
    6739,
    92761
],
[
    -99486,
    874,
    98612
],
[
    -99486,
    2759,
    96727
],
[
    -99486,
    7332,
    92154
],
[
    -99468,
    2391,
    97077
],
[
    -99280,
    5897,
    93383
],
[
    -99233,
    -585,
    99818
],
[
    -99233,
    2391,
    96842
],
[
    -99233,
    4856,
    94377
],
[
    -99156,
    6364,
    92792
],
[
    -98986,
    1909,
    97077
],
[
    -98986,
    4713,
    94273
],
[
    -98952,
    -585,
    99537
],
[
    -98952,
    -542,
    99494
],
[
    -98929,
    3213,
    95716
],
[
    -98929,
    4656,
    94273
],
[
    -98836,
    792,
    98044
],
[
    -98836,
    5453,
    93383
],
[
    -98810,
    8940,
    89870
],
[
    -98810,
    10029,
    88781
],
[
    -98757,
    46,
    98711
],
[
    -98757,
    925,
    97832
],
[
    -98757,
    4508,
    94249
],
[
    -98757,
    8845,
    89912
],
[
    -98757,
    10079,
    88678
],
[
    -98715,
    1988,
    96727
],
[
    -98715,
    4280,
    94435
],
[
    -98715,
    8731,
    89984
],
[
    -98715,
    8845,
    89870
],
[
    -98698,
    2705,
    95993
],
[
    -98698,
    4675,
    94023
],
[
    -98698,
    8940,
    89758
],
[
    -98676,
    252,
    98424
],
[
    -98676,
    8959,
    89717
],
[
    -98647,
    8940,
    89707
],
[
    -98641,
    10142,
    88499
],
[
    -98641,
    10406,
    88235
],
[
    -98578,
    9174,
    89404
],
[
    -98578,
    10079,
    88499
],
[
    -98421,
    1209,
    97212
],
[
    -98421,
    2705,
    95716
],
[
    -98291,
    -1343,
    99634
],
[
    -98291,
    1209,
    97082
],
[
    -98291,
    4031,
    94260
],
[
    -98256,
    -1408,
    99664
],
[
    -98256,
    -1331,
    99587
],
[
    -98256,
    20,
    98236
],
[
    -98048,
    6019,
    92029
],
[
    -98048,
    8434,
    89614
],
[
    -97960,
    -1958,
    99918
],
[
    -97960,
    -602,
    98562
],
[
    -97960,
    1919,
    96041
],
[
    -97822,
    -602,
    98424
],
[
    -97814,
    6739,
    91075
],
[
    -97691,
    7252,
    90439
],
[
    -97680,
    9147,
    88533
],
[
    -97621,
    3295,
    94326
],
[
    -97621,
    5467,
    92154
],
[
    -97532,
    4031,
    93501
],
[
    -97516,
    2759,
    94757
],
[
    -97516,
    6001,
    91515
],
[
    -97516,
    8731,
    88785
],
[
    -97516,
    8838,
    88678
],
[
    -97478,
    -2156,
    99634
],
[
    -97478,
    21,
    97457
],
[
    -97478,
    2803,
    94675
],
[
    -97460,
    -2445,
    99905
],
[
    -97460,
    6184,
    91276
],
[
    -97425,
    -1187,
    98612
],
[
    -97425,
    4103,
    93322
],
[
    -97410,
    3213,
    94197
],
[
    -97401,
    324,
    97077
],
[
    -97401,
    3900,
    93501
],
[
    -97397,
    3695,
    93702
],
[
    -97397,
    6184,
    91213
],
[
    -97397,
    6364,
    91033
],
[
    -97329,
    -1331,
    98660
],
[
    -97329,
    -759,
    98088
],
[
    -97329,
    252,
    97077
],
[
    -97159,
    3114,
    94045
],
[
    -97108,
    -104,
    97212
],
[
    -97108,
    20,
    97088
],
[
    -97108,
    1637,
    95471
],
[
    -97108,
    3063,
    94045
],
[
    -97074,
    4103,
    92971
],
[
    -96987,
    -90,
    97077
],
[
    -96916,
    -2989,
    99905
],
[
    -96916,
    -2243,
    99159
],
[
    -96916,
    2590,
    94326
],
[
    -96770,
    2705,
    94065
],
[
    -96770,
    3114,
    93656
],
[
    -96770,
    3695,
    93075
],
[
    -96770,
    4675,
    92095
],
[
    -96684,
    -3221,
    99905
],
[
    -96683,
    -2951,
    99634
],
[
    -96683,
    -1741,
    98424
],
[
    -96683,
    -394,
    97077
],
[
    -96610,
    -602,
    97212
],
[
    -96593,
    2344,
    94249
],
[
    -96593,
    6001,
    90592
],
[
    -96465,
    3342,
    93123
],
[
    -96465,
    5475,
    90990
],
[
    -96321,
    -585,
    96906
],
[
    -96259,
    -1187,
    97446
],
[
    -96255,
    3649,
    92606
],
[
    -96252,
    -3333,
    99585
],
[
    -96252,
    -2388,
    98640
],
[
    -96252,
    5262,
    90990
],
[
    -96130,
    -1958,
    98088
],
[
    -96075,
    -2919,
    98994
],
[
    -96075,
    -2460,
    98535
],
[
    -96005,
    -3303,
    99308
],
[
    -96005,
    -2989,
    98994
],
[
    -96005,
    -1523,
    97528
],
[
    -96005,
    3213,
    92792
],
[
    -95906,
    -3728,
    99634
],
[
    -95906,
    3114,
    92792
],
[
    -95906,
    5467,
    90439
],
[
    -95803,
    -3218,
    99021
],
[
    -95803,
    -1119,
    96922
],
[
    -95803,
    3649,
    92154
],
[
    -95803,
    5897,
    89906
],
[
    -95803,
    6086,
    89717
],
[
    -95597,
    -3990,
    99587
],
[
    -95597,
    -1859,
    97456
],
[
    -95422,
    -3218,
    98640
],
[
    -95422,
    1919,
    93503
],
[
    -94948,
    -1958,
    96906
],
[
    -94948,
    925,
    94023
],
[
    -94866,
    -4026,
    98892
],
[
    -94855,
    -3303,
    98158
],
[
    -94855,
    -1186,
    96041
],
[
    -94855,
    2344,
    92511
],
[
    -94855,
    2826,
    92029
],
[
    -94855,
    3340,
    91515
],
[
    -94823,
    -3221,
    98044
],
[
    -94823,
    -1636,
    96459
],
[
    -94790,
    -2141,
    96931
],
[
    -94619,
    1209,
    93410
],
[
    -94619,
    2590,
    92029
],
[
    -94562,
    -3596,
    98158
],
[
    -94562,
    -3490,
    98052
],
[
    -94562,
    860,
    93702
],
[
    -94562,
    1591,
    92971
],
[
    -94425,
    250,
    94175
],
[
    -94425,
    1454,
    92971
],
[
    -94163,
    -4259,
    98422
],
[
    -94163,
    -2919,
    97082
],
[
    -94160,
    1897,
    92263
],
[
    -94036,
    -3046,
    97082
],
[
    -93996,
    -5589,
    99585
],
[
    -93815,
    -3642,
    97457
],
[
    -93815,
    -562,
    94377
],
[
    -93815,
    1209,
    92606
],
[
    -93703,
    -2156,
    95859
],
[
    -93703,
    -1806,
    95509
],
[
    -93651,
    -6167,
    99818
],
[
    -93651,
    -3271,
    96922
],
[
    -93651,
    -394,
    94045
],
[
    -93618,
    -5475,
    99093
],
[
    -93618,
    -759,
    94377
],
[
    -93618,
    -447,
    94065
],
[
    -93616,
    -3596,
    97212
],
[
    -93616,
    -2243,
    95859
],
[
    -93476,
    -3251,
    96727
],
[
    -93310,
    -5589,
    98899
],
[
    -93310,
    -3596,
    96906
],
[
    -93252,
    -6242,
    99494
],
[
    -93248,
    -1187,
    94435
],
[
    -93095,
    -5860,
    98955
],
[
    -93095,
    20,
    93075
],
[
    -92865,
    -6218,
    99083
],
[
    -92865,
    -1408,
    94273
],
[
    -92851,
    -6242,
    99093
],
[
    -92851,
    -5860,
    98711
],
[
    -92792,
    -2989,
    95781
],
[
    -92738,
    -7180,
    99918
],
[
    -92738,
    -6167,
    98905
],
[
    -92738,
    -5306,
    98044
],
[
    -92738,
    -3303,
    96041
],
[
    -92738,
    -602,
    93340
],
[
    -92681,
    -6218,
    98899
],
[
    -92681,
    -394,
    93075
],
[
    -92612,
    -3728,
    96340
],
[
    -92588,
    -3271,
    95859
],
[
    -92575,
    -3765,
    96340
],
[
    -92566,
    -3251,
    95817
],
[
    -92566,
    -1760,
    94326
],
[
    -92513,
    -4899,
    97412
],
[
    -92513,
    -1760,
    94273
],
[
    -92513,
    -562,
    93075
],
[
    -92393,
    -6601,
    98994
],
[
    -92390,
    -7528,
    99918
],
[
    -92390,
    -1859,
    94249
],
[
    -92390,
    -759,
    93149
],
[
    -92254,
    -7240,
    99494
],
[
    -92254,
    -2072,
    94326
],
[
    -92230,
    -2445,
    94675
],
[
    -92145,
    -6417,
    98562
],
[
    -92145,
    -1900,
    94045
],
[
    -91994,
    -6242,
    98236
],
[
    -91994,
    -3046,
    95040
],
[
    -91953,
    -7041,
    98994
],
[
    -91953,
    -6939,
    98892
],
[
    -91953,
    -4088,
    96041
],
[
    -91939,
    -5589,
    97528
],
[
    -91859,
    -1760,
    93619
],
[
    -91813,
    -2460,
    94273
],
[
    -91813,
    -1806,
    93619
],
[
    -91619,
    -7041,
    98660
],
[
    -91619,
    -2707,
    94326
],
[
    -91600,
    -5306,
    96906
],
[
    -91600,
    -4259,
    95859
],
[
    -91600,
    -2445,
    94045
],
[
    -91540,
    -6088,
    97628
],
[
    -91493,
    -7528,
    99021
],
[
    -91493,
    -5589,
    97082
],
[
    -91438,
    -5021,
    96459
],
[
    -91369,
    -6088,
    97457
],
[
    -91184,
    -7810,
    98994
],
[
    -91184,
    -7617,
    98801
],
[
    -91184,
    -7240,
    98424
],
[
    -91184,
    -3251,
    94435
],
[
    -91120,
    -8798,
    99918
],
[
    -91120,
    -3555,
    94675
],
[
    -91003,
    -8798,
    99801
],
[
    -91003,
    -7532,
    98535
],
[
    -91003,
    -7049,
    98052
],
[
    -91003,
    -7041,
    98044
],
[
    -90996,
    -7240,
    98236
],
[
    -90969,
    -8849,
    99818
],
[
    -90969,
    -8832,
    99801
],
[
    -90933,
    -7679,
    98612
],
[
    -90887,
    -7535,
    98422
],
[
    -90887,
    -5453,
    96340
],
[
    -90794,
    -7628,
    98422
],
[
    -90794,
    -5933,
    96727
],
[
    -90724,
    -8270,
    98994
],
[
    -90620,
    -6468,
    97088
],
[
    -90612,
    -9022,
    99634
],
[
    -90612,
    -7845,
    98457
],
[
    -90612,
    -7810,
    98422
],
[
    -90612,
    -6864,
    97476
],
[
    -90610,
    -8385,
    98995
],
[
    -90610,
    -5431,
    96041
],
[
    -90610,
    -4899,
    95509
],
[
    -90606,
    -7628,
    98234
],
[
    -90553,
    -7535,
    98088
],
[
    -90553,
    -5306,
    95859
],
[
    -90526,
    -5933,
    96459
],
[
    -90452,
    -5589,
    96041
],
[
    -90415,
    -7041,
    97456
],
[
    -90402,
    -7642,
    98044
],
[
    -90358,
    -8801,
    99159
],
[
    -90331,
    -6511,
    96842
],
[
    -90240,
    -8853,
    99093
],
[
    -90240,
    -8420,
    98660
],
[
    -90240,
    -8217,
    98457
],
[
    -90106,
    -8849,
    98955
],
[
    -89834,
    -9474,
    99308
],
[
    -89834,
    -7642,
    97476
],
[
    -89755,
    -8420,
    98175
],
[
    -89753,
    -9741,
    99494
],
[
    -89753,
    -9241,
    98994
],
[
    -89753,
    -7877,
    97630
],
[
    -89730,
    -8832,
    98562
],
[
    -89694,
    -8966,
    98660
],
[
    -89694,
    -8763,
    98457
],
[
    -89667,
    -10238,
    99905
],
[
    -89667,
    -8385,
    98052
],
[
    -89457,
    -10130,
    99587
],
[
    -89457,
    -8801,
    98258
],
[
    -89457,
    -7535,
    96992
],
[
    -89440,
    -7642,
    97082
],
[
    -89435,
    -9022,
    98457
],
[
    -89435,
    -8801,
    98236
],
[
    -89435,
    -7642,
    97077
],
[
    -89304,
    -7908,
    97212
],
[
    -89296,
    -8938,
    98234
],
[
    -89296,
    -8385,
    97681
],
[
    -89210,
    -8420,
    97630
],
[
    -89210,
    -8217,
    97427
],
[
    -89086,
    -8966,
    98052
],
[
    -89086,
    -7845,
    96931
],
[
    -88925,
    -10660,
    99585
],
[
    -88882,
    -7845,
    96727
],
[
    -88807,
    -8270,
    97077
],
[
    -88743,
    -8938,
    97681
],
[
    -88701,
    -9474,
    98175
],
[
    -88681,
    -10218,
    98899
],
[
    -88681,
    -9741,
    98422
],
[
    -88663,
    -11242,
    99905
],
[
    -88627,
    -10960,
    99587
],
[
    -88627,
    -9461,
    98088
],
[
    -88627,
    -8849,
    97476
],
[
    -88303,
    -9741,
    98044
],
[
    -88104,
    -11433,
    99537
],
[
    -88104,
    -10130,
    98234
],
[
    -88048,
    -11753,
    99801
],
[
    -87852,
    -10859,
    98711
],
[
    -87787,
    -10301,
    98088
],
[
    -87650,
    -11433,
    99083
],
[
    -87650,
    -11242,
    98892
],
[
    -87359,
    -12228,
    99587
],
[
    -87359,
    -11662,
    99021
],
[
    -87230,
    -11662,
    98892
],
[
    -86931,
    -12228,
    99159
],
[
    -86804,
    -12393,
    99197
],
[
    -86430,
    -13155,
    99585
],
[
    -64427,
    -35391,
    99818
],
[
    -64427,
    -30248,
    94675
],
[
    -64427,
    -25779,
    90206
],
[
    -64427,
    -21642,
    86069
],
[
    -64427,
    -19357,
    83784
],
[
    -64427,
    -12609,
    77036
],
[
    -64427,
    -11433,
    75860
],
[
    -64427,
    -4257,
    68684
],
[
    -64427,
    -2586,
    67013
],
[
    -64366,
    -27460,
    91826
],
[
    -64366,
    -24375,
    88741
],
[
    -64366,
    -13706,
    78072
],
[
    -64259,
    -19177,
    83436
],
[
    -64259,
    -9241,
    73500
],
[
    -64259,
    -7528,
    71787
],
[
    -64259,
    -4259,
    68518
],
[
    -64125,
    -34410,
    98535
],
[
    -64125,
    -33505,
    97630
],
[
    -64125,
    -16866,
    80991
],
[
    -64125,
    -13706,
    77831
],
[
    -64125,
    -5475,
    69600
],
[
    -64088,
    -32754,
    96842
],
[
    -64088,
    -30669,
    94757
],
[
    -64088,
    -22352,
    86440
],
[
    -64088,
    -18942,
    83030
],
[
    -64088,
    -17561,
    81649
],
[
    -64088,
    -17223,
    81311
],
[
    -64088,
    -13016,
    77104
],
[
    -64088,
    -2951,
    67039
],
[
    -64040,
    -29370,
    93410
],
[
    -64040,
    -24459,
    88499
],
[
    -64040,
    -18942,
    82982
],
[
    -64040,
    -17008,
    81048
],
[
    -64040,
    -14866,
    78906
],
[
    -64040,
    -13631,
    77671
],
[
    -64040,
    -7418,
    71458
],
[
    -64026,
    -19410,
    83436
],
[
    -64026,
    -19246,
    83272
],
[
    -64026,
    -17561,
    81587
],
[
    -64026,
    -12470,
    76496
],
[
    -64026,
    -9474,
    73500
],
[
    -64026,
    -4423,
    68449
],
[
    -64026,
    -3555,
    67581
],
[
    -63959,
    -31757,
    95716
],
[
    -63959,
    -22684,
    86643
],
[
    -63959,
    -11753,
    75712
],
[
    -63959,
    -10238,
    74197
],
[
    -63959,
    -7240,
    71199
],
[
    -63844,
    -35464,
    99308
],
[
    -63844,
    -35249,
    99093
],
[
    -63844,
    -33612,
    97456
],
[
    -63844,
    -32197,
    96041
],
[
    -63844,
    -24808,
    88652
],
[
    -63844,
    -13782,
    77626
],
[
    -63844,
    -13174,
    77018
],
[
    -63844,
    -9642,
    73486
],
[
    -63844,
    -5306,
    69150
],
[
    -63767,
    -17223,
    80990
],
[
    -63767,
    -10238,
    74005
],
[
    -63742,
    -22293,
    86035
],
[
    -63742,
    -21612,
    85354
],
[
    -63742,
    -17452,
    81194
],
[
    -63742,
    -10696,
    74438
],
[
    -63742,
    -4942,
    68684
],
[
    -63742,
    -3642,
    67384
],
[
    -63725,
    -27790,
    91515
],
[
    -63725,
    -24808,
    88533
],
[
    -63725,
    -22797,
    86522
],
[
    -63725,
    -18211,
    81936
],
[
    -63725,
    -17902,
    81627
],
[
    -63725,
    -17790,
    81515
],
[
    -63725,
    -13726,
    77451
],
[
    -63725,
    -11219,
    74944
],
[
    -63725,
    -10960,
    74685
],
[
    -63710,
    -33920,
    97630
],
[
    -63710,
    -28937,
    92647
],
[
    -63710,
    -28801,
    92511
],
[
    -63710,
    -16350,
    80060
],
[
    -63710,
    -7418,
    71128
],
[
    -63694,
    -33834,
    97528
],
[
    -63694,
    -24958,
    88652
],
[
    -63694,
    -18242,
    81936
],
[
    -63694,
    -17223,
    80917
],
[
    -63694,
    -11219,
    74913
],
[
    -63694,
    -10184,
    73878
],
[
    -63694,
    -9241,
    72935
],
[
    -63694,
    -7269,
    70963
],
[
    -63685,
    -34573,
    98258
],
[
    -63685,
    -26521,
    90206
],
[
    -63685,
    -24692,
    88377
],
[
    -63685,
    -22165,
    85850
],
[
    -63685,
    -17902,
    81587
],
[
    -63685,
    -17363,
    81048
],
[
    -63685,
    -16267,
    79952
],
[
    -63685,
    -5021,
    68706
],
[
    -63647,
    -26265,
    89912
],
[
    -63647,
    -19335,
    82982
],
[
    -63647,
    -7611,
    71258
],
[
    -63647,
    -6088,
    69735
],
[
    -63625,
    -25779,
    89404
],
[
    -63625,
    -23867,
    87492
],
[
    -63625,
    -19357,
    82982
],
[
    -63625,
    -17365,
    80990
],
[
    -63625,
    -16760,
    80385
],
[
    -63625,
    -15917,
    79542
],
[
    -63625,
    -14388,
    78013
],
[
    -63625,
    -12235,
    75860
],
[
    -63625,
    -9310,
    72935
],
[
    -63625,
    -7845,
    71470
],
[
    -63625,
    -7269,
    70894
],
[
    -63598,
    -28665,
    92263
],
[
    -63598,
    -22352,
    85950
],
[
    -63598,
    -21405,
    85003
],
[
    -63598,
    -18942,
    82540
],
[
    -63598,
    -16760,
    80358
],
[
    -63598,
    -8217,
    71815
],
[
    -63598,
    -7845,
    71443
],
[
    -63544,
    -28719,
    92263
],
[
    -63544,
    -27669,
    91213
],
[
    -63544,
    -26173,
    89717
],
[
    -63544,
    -11433,
    74977
],
[
    -63541,
    -36046,
    99587
],
[
    -63541,
    -34916,
    98457
],
[
    -63541,
    -34503,
    98044
],
[
    -63541,
    -28645,
    92186
],
[
    -63541,
    -26665,
    90206
],
[
    -63541,
    -24970,
    88511
],
[
    -63541,
    -24958,
    88499
],
[
    -63541,
    -14531,
    78072
],
[
    -63492,
    -33920,
    97412
],
[
    -63492,
    -26266,
    89758
],
[
    -63492,
    -16866,
    80358
],
[
    -63466,
    -35731,
    99197
],
[
    -63466,
    -34162,
    97628
],
[
    -63466,
    -25069,
    88535
],
[
    -63466,
    -25033,
    88499
],
[
    -63466,
    -24944,
    88410
],
[
    -63466,
    -22352,
    85818
],
[
    -63466,
    -14606,
    78072
],
[
    -63466,
    -12113,
    75579
],
[
    -63466,
    -11219,
    74685
],
[
    -63466,
    -5021,
    68487
],
[
    -63466,
    -4913,
    68379
],
[
    -63436,
    -29470,
    92906
],
[
    -63436,
    -28750,
    92186
],
[
    -63436,
    -16922,
    80358
],
[
    -63412,
    -23447,
    86859
],
[
    -63412,
    -23110,
    86522
],
[
    -63318,
    -35139,
    98457
],
[
    -63318,
    -34916,
    98234
],
[
    -63318,
    -33492,
    96810
],
[
    -63318,
    -25059,
    88377
],
[
    -63318,
    -18331,
    81649
],
[
    -63318,
    -15121,
    78439
],
[
    -63318,
    -11219,
    74537
],
[
    -63318,
    -7810,
    71128
],
[
    -63318,
    -7418,
    70736
],
[
    -63318,
    -6417,
    69735
],
[
    -63081,
    -29078,
    92159
],
[
    -63081,
    -29073,
    92154
],
[
    -63081,
    -25571,
    88652
],
[
    -63081,
    -21570,
    84651
],
[
    -63081,
    -15917,
    78998
],
[
    -63032,
    -33009,
    96041
],
[
    -63032,
    -23037,
    86069
],
[
    -63032,
    -17902,
    80934
],
[
    -63012,
    -36893,
    99905
],
[
    -63012,
    -32847,
    95859
],
[
    -63012,
    -31423,
    94435
],
[
    -63012,
    -27523,
    90535
],
[
    -63012,
    -17008,
    80020
],
[
    -63012,
    -15016,
    78028
],
[
    -63012,
    -13840,
    76852
],
[
    -63012,
    -5475,
    68487
],
[
    -62995,
    -35093,
    98088
],
[
    -62995,
    -34686,
    97681
],
[
    -62995,
    -24066,
    87061
],
[
    -62995,
    -17363,
    80358
],
[
    -62995,
    -17025,
    80020
],
[
    -62995,
    -10640,
    73635
],
[
    -62659,
    -34333,
    96992
],
[
    -62659,
    -29370,
    92029
],
[
    -62659,
    -25874,
    88533
],
[
    -62659,
    -18331,
    80990
],
[
    -62659,
    -12879,
    75538
],
[
    -62659,
    -11219,
    73878
],
[
    -62659,
    -9241,
    71900
],
[
    -62594,
    -36714,
    99308
],
[
    -62594,
    -36046,
    98640
],
[
    -62594,
    -28396,
    90990
],
[
    -62594,
    -24150,
    86744
],
[
    -62594,
    -22953,
    85547
],
[
    -62594,
    -22308,
    84902
],
[
    -62594,
    -16464,
    79058
],
[
    -62594,
    -14778,
    77372
],
[
    -62594,
    -14258,
    76852
],
[
    -62594,
    -12470,
    75064
],
[
    -62594,
    -8849,
    71443
],
[
    -62542,
    -37043,
    99585
],
[
    -62542,
    -36551,
    99093
],
[
    -62542,
    -35139,
    97681
],
[
    -62542,
    -30868,
    93410
],
[
    -62542,
    -30105,
    92647
],
[
    -62542,
    -28665,
    91207
],
[
    -62542,
    -17365,
    79907
],
[
    -62429,
    -33612,
    96041
],
[
    -62429,
    -26104,
    88533
],
[
    -62429,
    -23640,
    86069
],
[
    -62429,
    -7535,
    69964
],
[
    -62403,
    -34503,
    96906
],
[
    -62403,
    -31620,
    94023
],
[
    -62403,
    -29756,
    92159
],
[
    -62403,
    -23447,
    85850
],
[
    -62403,
    -20572,
    82975
],
[
    -62403,
    -19246,
    81649
],
[
    -62403,
    -18791,
    81194
],
[
    -62403,
    -16464,
    78867
],
[
    -62403,
    -9732,
    72135
],
[
    -62403,
    -6954,
    69357
],
[
    -62360,
    -32397,
    94757
],
[
    -62360,
    -26173,
    88533
],
[
    -62360,
    -25120,
    87480
],
[
    -62360,
    -25069,
    87429
],
[
    -62360,
    -24978,
    87338
],
[
    -62360,
    -15653,
    78013
],
[
    -62360,
    -13500,
    75860
],
[
    -62360,
    -7240,
    69600
],
[
    -62332,
    -30669,
    93001
],
[
    -62332,
    -29033,
    91365
],
[
    -62332,
    -23110,
    85442
],
[
    -62332,
    -21108,
    83440
],
[
    -62332,
    -8832,
    71164
],
[
    -62332,
    -7180,
    69512
],
[
    -62316,
    -36576,
    98892
],
[
    -62316,
    -32119,
    94435
],
[
    -62316,
    -31933,
    94249
],
[
    -62316,
    -30195,
    92511
],
[
    -62316,
    -25344,
    87660
],
[
    -62316,
    -15659,
    77975
],
[
    -62316,
    -13439,
    75755
],
[
    -62316,
    -12374,
    74690
],
[
    -62316,
    -8420,
    70736
],
[
    -62316,
    -7041,
    69357
],
[
    -62218,
    -27688,
    89906
],
[
    -62218,
    -25120,
    87338
],
[
    -62218,
    -24404,
    86622
],
[
    -62218,
    -24150,
    86368
],
[
    -62218,
    -22684,
    84902
],
[
    -62218,
    -18211,
    80429
],
[
    -62209,
    -29255,
    91464
],
[
    -62209,
    -15462,
    77671
],
[
    -62209,
    -8527,
    70736
],
[
    -62203,
    -34789,
    96992
],
[
    -62203,
    -29073,
    91276
],
[
    -62203,
    -25277,
    87480
],
[
    -62203,
    -12235,
    74438
],
[
    -62203,
    -7532,
    69735
],
[
    -62050,
    -37043,
    99093
],
[
    -62050,
    -26266,
    88316
],
[
    -62050,
    -22953,
    85003
],
[
    -62050,
    -17902,
    79952
],
[
    -62050,
    -17008,
    79058
],
[
    -62050,
    -12388,
    74438
],
[
    -61995,
    -35093,
    97088
],
[
    -61995,
    -29370,
    91365
],
[
    -61995,
    -28750,
    90745
],
[
    -61995,
    -27763,
    89758
],
[
    -61995,
    -26665,
    88660
],
[
    -61995,
    -25584,
    87579
],
[
    -61995,
    -23447,
    85442
],
[
    -61986,
    -36576,
    98562
],
[
    -61986,
    -35441,
    97427
],
[
    -61986,
    -20888,
    82874
],
[
    -61986,
    -16065,
    78051
],
[
    -61986,
    -15052,
    77038
],
[
    -61986,
    -14866,
    76852
],
[
    -61986,
    -13726,
    75712
],
[
    -61941,
    -33188,
    95129
],
[
    -61941,
    -32884,
    94825
],
[
    -61941,
    -30706,
    92647
],
[
    -61941,
    -25120,
    87061
],
[
    -61941,
    -19370,
    81311
],
[
    -61941,
    -18242,
    80183
],
[
    -61941,
    -18080,
    80021
],
[
    -61941,
    -9022,
    70963
],
[
    -61937,
    -36864,
    98801
],
[
    -61937,
    -36675,
    98612
],
[
    -61937,
    -30669,
    92606
],
[
    -61937,
    -18980,
    80917
],
[
    -61937,
    -14915,
    76852
],
[
    -61937,
    -14087,
    76024
],
[
    -61937,
    -13782,
    75719
],
[
    -61838,
    -37656,
    99494
],
[
    -61838,
    -35093,
    96931
],
[
    -61838,
    -28697,
    90535
],
[
    -61838,
    -23904,
    85742
],
[
    -61838,
    -23604,
    85442
],
[
    -61838,
    -18547,
    80385
],
[
    -61838,
    -15331,
    77169
],
[
    -61838,
    -12470,
    74308
],
[
    -61838,
    -11662,
    73500
],
[
    -61823,
    -36601,
    98424
],
[
    -61823,
    -30706,
    92529
],
[
    -61823,
    -27935,
    89758
],
[
    -61823,
    -26644,
    88467
],
[
    -61823,
    -24921,
    86744
],
[
    -61823,
    -24808,
    86631
],
[
    -61823,
    -12374,
    74197
],
[
    -61761,
    -38057,
    99818
],
[
    -61761,
    -29515,
    91276
],
[
    -61761,
    -24761,
    86522
],
[
    -61761,
    -22763,
    84524
],
[
    -61761,
    -18422,
    80183
],
[
    -61761,
    -16267,
    78028
],
[
    -61761,
    -14263,
    76024
],
[
    -61590,
    -30439,
    92029
],
[
    -61590,
    -22797,
    84387
],
[
    -61590,
    -16065,
    77655
],
[
    -61590,
    -14270,
    75860
],
[
    -61575,
    -24375,
    85950
],
[
    -61575,
    -23867,
    85442
],
[
    -61575,
    -16464,
    78039
],
[
    -61575,
    -12879,
    74454
],
[
    -61575,
    -12113,
    73688
],
[
    -61569,
    -37043,
    98612
],
[
    -61569,
    -33188,
    94757
],
[
    -61569,
    -30585,
    92154
],
[
    -61569,
    -26930,
    88499
],
[
    -61569,
    -24978,
    86547
],
[
    -61569,
    -24871,
    86440
],
[
    -61569,
    -11931,
    73500
],
[
    -61569,
    -10218,
    71787
],
[
    -61523,
    -36529,
    98052
],
[
    -61523,
    -28801,
    90324
],
[
    -61523,
    -27012,
    88535
],
[
    -61523,
    -26988,
    88511
],
[
    -61523,
    -26056,
    87579
],
[
    -61523,
    -25120,
    86643
],
[
    -61523,
    -20888,
    82411
],
[
    -61523,
    -11270,
    72793
],
[
    -61520,
    -36714,
    98234
],
[
    -61520,
    -29756,
    91276
],
[
    -61520,
    -29470,
    90990
],
[
    -61520,
    -18838,
    80358
],
[
    -61520,
    -16151,
    77671
],
[
    -61520,
    -8938,
    70458
],
[
    -61492,
    -37043,
    98535
],
[
    -61492,
    -31918,
    93410
],
[
    -61492,
    -23992,
    85484
],
[
    -61492,
    -18221,
    79713
],
[
    -61492,
    -16580,
    78072
],
[
    -61492,
    -14263,
    75755
],
[
    -61492,
    -14087,
    75579
],
[
    -61492,
    -8966,
    70458
],
[
    -61395,
    -30868,
    92263
],
[
    -61395,
    -26265,
    87660
],
[
    -61395,
    -18221,
    79616
],
[
    -61395,
    -16580,
    77975
],
[
    -61382,
    -32119,
    93501
],
[
    -61382,
    -27028,
    88410
],
[
    -61382,
    -24890,
    86272
],
[
    -61382,
    -24568,
    85950
],
[
    -61382,
    -20267,
    81649
],
[
    -61382,
    -18331,
    79713
],
[
    -61382,
    -18080,
    79462
],
[
    -61382,
    -15331,
    76713
],
[
    -61382,
    -15114,
    76496
],
[
    -61382,
    -13155,
    74537
],
[
    -61322,
    -31933,
    93255
],
[
    -61322,
    -27177,
    88499
],
[
    -61322,
    -25571,
    86893
],
[
    -61322,
    -19177,
    80499
],
[
    -61322,
    -14782,
    76104
],
[
    -61188,
    -38446,
    99634
],
[
    -61188,
    -36864,
    98052
],
[
    -61188,
    -33009,
    94197
],
[
    -61188,
    -27472,
    88660
],
[
    -61188,
    -24662,
    85850
],
[
    -61188,
    -19357,
    80545
],
[
    -61188,
    -14531,
    75719
],
[
    -61188,
    -12716,
    73904
],
[
    -61162,
    -28750,
    89912
],
[
    -61162,
    -25779,
    86941
],
[
    -61162,
    -23904,
    85066
],
[
    -61162,
    -23708,
    84870
],
[
    -61162,
    -16866,
    78028
],
[
    -61162,
    -16464,
    77626
],
[
    -61162,
    -13782,
    74944
],
[
    -61162,
    -12716,
    73878
],
[
    -61162,
    -9732,
    70894
],
[
    -61090,
    -32293,
    93383
],
[
    -61090,
    -30186,
    91276
],
[
    -61090,
    -27445,
    88535
],
[
    -61090,
    -9241,
    70331
],
[
    -61011,
    -36821,
    97832
],
[
    -61011,
    -35030,
    96041
],
[
    -61011,
    -23992,
    85003
],
[
    -61011,
    -23640,
    84651
],
[
    -60781,
    -37263,
    98044
],
[
    -60781,
    -36775,
    97556
],
[
    -60781,
    -36675,
    97456
],
[
    -60781,
    -33492,
    94273
],
[
    -60781,
    -25069,
    85850
],
[
    -60781,
    -22748,
    83529
],
[
    -60781,
    -20267,
    81048
],
[
    -60781,
    -15741,
    76522
],
[
    -60781,
    -15206,
    75987
],
[
    -60750,
    -33295,
    94045
],
[
    -60750,
    -24751,
    85501
],
[
    -60750,
    -24692,
    85442
],
[
    -60620,
    -29364,
    89984
],
[
    -60620,
    -27790,
    88410
],
[
    -60620,
    -23904,
    84524
],
[
    -60620,
    -17452,
    78072
],
[
    -60620,
    -12235,
    72855
],
[
    -60620,
    -10238,
    70858
],
[
    -60556,
    -34573,
    95129
],
[
    -60556,
    -30669,
    91225
],
[
    -60556,
    -27977,
    88533
],
[
    -60556,
    -27760,
    88316
],
[
    -60556,
    -22352,
    82908
],
[
    -60556,
    -21156,
    81712
],
[
    -60556,
    -15982,
    76538
],
[
    -60556,
    -14388,
    74944
],
[
    -60526,
    -36551,
    97077
],
[
    -60526,
    -34231,
    94757
],
[
    -60526,
    -32884,
    93410
],
[
    -60526,
    -27790,
    88316
],
[
    -60526,
    -24958,
    85484
],
[
    -60526,
    -13782,
    74308
],
[
    -60526,
    -11261,
    71787
],
[
    -60489,
    -31774,
    92263
],
[
    -60489,
    -17902,
    78391
],
[
    -60418,
    -37263,
    97681
],
[
    -60418,
    -37210,
    97628
],
[
    -60418,
    -36392,
    96810
],
[
    -60418,
    -35441,
    95859
],
[
    -60418,
    -33924,
    94342
],
[
    -60418,
    -26104,
    86522
],
[
    -60418,
    -22854,
    83272
],
[
    -60418,
    -20572,
    80990
],
[
    -60418,
    -13594,
    74012
],
[
    -60418,
    -11670,
    72088
],
[
    -60383,
    -36459,
    96842
],
[
    -60383,
    -30093,
    90476
],
[
    -60383,
    -25059,
    85442
],
[
    -60383,
    -15477,
    75860
],
[
    -60383,
    -14530,
    74913
],
[
    -60271,
    -31992,
    92263
],
[
    -60271,
    -21781,
    82052
],
[
    -60271,
    -16267,
    76538
],
[
    -60271,
    -13417,
    73688
],
[
    -60271,
    -11829,
    72100
],
[
    -60228,
    -38677,
    98905
],
[
    -60228,
    -38196,
    98424
],
[
    -60228,
    -32847,
    93075
],
[
    -60228,
    -30248,
    90476
],
[
    -60228,
    -29756,
    89984
],
[
    -60228,
    -27012,
    87240
],
[
    -60228,
    -26665,
    86893
],
[
    -60228,
    -18547,
    78775
],
[
    -60228,
    -18211,
    78439
],
[
    -60228,
    -17223,
    77451
],
[
    -60228,
    -11242,
    71470
],
[
    -60202,
    -37210,
    97412
],
[
    -60202,
    -29515,
    89717
],
[
    -60202,
    -21108,
    81310
],
[
    -60202,
    -16511,
    76713
],
[
    -60202,
    -13840,
    74042
],
[
    -60191,
    -39394,
    99585
],
[
    -60191,
    -33854,
    94045
],
[
    -60191,
    -32958,
    93149
],
[
    -60191,
    -32884,
    93075
],
[
    -60191,
    -30248,
    90439
],
[
    -60191,
    -14263,
    74454
],
[
    -60191,
    -12228,
    72419
],
[
    -60074,
    -39831,
    99905
],
[
    -60074,
    -38586,
    98660
],
[
    -60074,
    -25921,
    85995
],
[
    -60074,
    -16464,
    76538
],
[
    -60074,
    -14263,
    74337
],
[
    -60070,
    -26573,
    86643
],
[
    -60070,
    -24970,
    85040
],
[
    -60070,
    -22272,
    82342
],
[
    -60070,
    -21642,
    81712
],
[
    -60070,
    -15917,
    75987
],
[
    -60043,
    -39050,
    99093
],
[
    -60043,
    -32958,
    93001
],
[
    -60043,
    -18348,
    78391
],
[
    -60042,
    -36864,
    96906
],
[
    -60042,
    -34231,
    94273
],
[
    -60042,
    -31422,
    91464
],
[
    -60042,
    -28457,
    88499
],
[
    -60042,
    -23394,
    83436
],
[
    -60042,
    -21545,
    81587
],
[
    -60042,
    -15982,
    76024
],
[
    -59914,
    -39394,
    99308
],
[
    -59914,
    -32847,
    92761
],
[
    -59914,
    -32245,
    92159
],
[
    -59914,
    -29420,
    89334
],
[
    -59914,
    -22748,
    82662
],
[
    -59914,
    -13500,
    73414
],
[
    -59914,
    -12879,
    72793
],
[
    -59758,
    -39736,
    99494
],
[
    -59758,
    -31757,
    91515
],
[
    -59758,
    -27101,
    86859
],
[
    -59741,
    -31774,
    91515
],
[
    -59741,
    -31466,
    91207
],
[
    -59741,
    -28937,
    88678
],
[
    -59741,
    -27688,
    87429
],
[
    -59741,
    -26621,
    86362
],
[
    -59741,
    -22352,
    82093
],
[
    -59741,
    -21570,
    81311
],
[
    -59741,
    -19165,
    78906
],
[
    -59741,
    -18331,
    78072
],
[
    -59741,
    -18159,
    77900
],
[
    -59741,
    -17363,
    77104
],
[
    -59741,
    -14452,
    74193
],
[
    -59741,
    -13439,
    73180
],
[
    -59737,
    -39897,
    99634
],
[
    -59737,
    -37720,
    97457
],
[
    -59737,
    -15982,
    75719
],
[
    -59737,
    -14600,
    74337
],
[
    -59677,
    -35794,
    95471
],
[
    -59677,
    -26173,
    85850
],
[
    -59677,
    -17341,
    77018
],
[
    -59677,
    -12458,
    72135
],
[
    -59560,
    -34689,
    94249
],
[
    -59560,
    -34637,
    94197
],
[
    -59560,
    -28801,
    88361
],
[
    -59560,
    -23037,
    82597
],
[
    -59560,
    -17902,
    77462
],
[
    -59560,
    -16464,
    76024
],
[
    -59560,
    -14452,
    74012
],
[
    -59515,
    -40072,
    99587
],
[
    -59515,
    -39568,
    99083
],
[
    -59515,
    -28801,
    88316
],
[
    -59515,
    -27977,
    87492
],
[
    -59515,
    -19391,
    78906
],
[
    -59515,
    -15462,
    74977
],
[
    -59469,
    -33532,
    93001
],
[
    -59469,
    -30248,
    89717
],
[
    -59469,
    -29066,
    88535
],
[
    -59469,
    -27472,
    86941
],
[
    -59469,
    -25571,
    85040
],
[
    -59461,
    -40357,
    99818
],
[
    -59461,
    -39736,
    99197
],
[
    -59461,
    -34916,
    94377
],
[
    -59461,
    -23447,
    82908
],
[
    -59390,
    -24404,
    83794
],
[
    -59390,
    -23640,
    83030
],
[
    -59390,
    -13782,
    73172
],
[
    -59342,
    -35093,
    94435
],
[
    -59342,
    -34855,
    94197
],
[
    -59342,
    -26930,
    86272
],
[
    -59342,
    -23640,
    82982
],
[
    -59174,
    -40490,
    99664
],
[
    -59174,
    -26644,
    85818
],
[
    -59130,
    -37597,
    96727
],
[
    -59130,
    -37210,
    96340
],
[
    -59130,
    -28299,
    87429
],
[
    -59130,
    -27763,
    86893
],
[
    -59130,
    -26265,
    85395
],
[
    -59130,
    -18942,
    78072
],
[
    -59130,
    -18242,
    77372
],
[
    -59103,
    -36714,
    95817
],
[
    -59103,
    -29364,
    88467
],
[
    -59103,
    -27790,
    86893
],
[
    -59103,
    -22016,
    81119
],
[
    -59103,
    -18348,
    77451
],
[
    -59094,
    -35731,
    94825
],
[
    -59094,
    -32119,
    91213
],
[
    -59094,
    -21405,
    80499
],
[
    -58893,
    -40908,
    99801
],
[
    -58893,
    -28048,
    86941
],
[
    -58893,
    -26173,
    85066
],
[
    -58893,
    -19082,
    77975
],
[
    -58893,
    -18211,
    77104
],
[
    -58870,
    -38586,
    97456
],
[
    -58870,
    -36601,
    95471
],
[
    -58870,
    -23385,
    82255
],
[
    -58810,
    -38820,
    97630
],
[
    -58810,
    -34573,
    93383
],
[
    -58810,
    -32397,
    91207
],
[
    -58810,
    -19165,
    77975
],
[
    -58628,
    -36197,
    94825
],
[
    -58628,
    -30706,
    89334
],
[
    -58628,
    -28801,
    87429
],
[
    -58628,
    -27644,
    86272
],
[
    -58628,
    -24808,
    83436
],
[
    -58628,
    -23992,
    82620
],
[
    -58628,
    -17902,
    76530
],
[
    -58602,
    -40199,
    98801
],
[
    -58602,
    -31933,
    90535
],
[
    -58602,
    -31874,
    90476
],
[
    -58602,
    -27760,
    86362
],
[
    -58602,
    -23110,
    81712
],
[
    -58602,
    -22797,
    81399
],
[
    -58602,
    -15477,
    74079
],
[
    -58602,
    -15086,
    73688
],
[
    -58524,
    -39308,
    97832
],
[
    -58524,
    -33505,
    92029
],
[
    -58524,
    -27644,
    86168
],
[
    -58524,
    -21383,
    79907
],
[
    -58524,
    -19475,
    77999
],
[
    -58462,
    -34049,
    92511
],
[
    -58462,
    -24978,
    83440
],
[
    -58462,
    -24568,
    83030
],
[
    -58451,
    -40161,
    98612
],
[
    -58451,
    -30883,
    89334
],
[
    -58451,
    -30048,
    88499
],
[
    -58451,
    -21570,
    80021
],
[
    -58440,
    -38987,
    97427
],
[
    -58440,
    -31466,
    89906
],
[
    -58440,
    -30093,
    88533
],
[
    -58440,
    -30027,
    88467
],
[
    -58440,
    -25344,
    83784
],
[
    -58440,
    -19391,
    77831
],
[
    -58425,
    -38987,
    97412
],
[
    -58425,
    -27644,
    86069
],
[
    -58425,
    -25571,
    83996
],
[
    -58425,
    -19475,
    77900
],
[
    -58425,
    -19246,
    77671
],
[
    -58372,
    -28689,
    87061
],
[
    -58341,
    -37375,
    95716
],
[
    -58341,
    -32884,
    91225
],
[
    -58341,
    -27101,
    85442
],
[
    -58341,
    -27054,
    85395
],
[
    -58305,
    -33854,
    92159
],
[
    -58305,
    -32971,
    91276
],
[
    -58305,
    -30105,
    88410
],
[
    -58305,
    -29033,
    87338
],
[
    -58305,
    -25584,
    83889
],
[
    -58305,
    -18547,
    76852
],
[
    -58293,
    -41525,
    99818
],
[
    -58293,
    -35117,
    93410
],
[
    -58293,
    -34678,
    92971
],
[
    -58293,
    -34499,
    92792
],
[
    -58293,
    -19607,
    77900
],
[
    -58293,
    -17025,
    75318
],
[
    -58272,
    -31620,
    89892
],
[
    -58272,
    -30195,
    88467
],
[
    -58272,
    -30105,
    88377
],
[
    -58272,
    -29066,
    87338
],
[
    -58272,
    -27763,
    86035
],
[
    -58272,
    -24921,
    83193
],
[
    -58272,
    -19644,
    77916
],
[
    -58272,
    -16065,
    74337
],
[
    -58148,
    -39308,
    97456
],
[
    -58148,
    -34499,
    92647
],
[
    -58148,
    -31466,
    89614
],
[
    -58148,
    -26503,
    84651
],
[
    -58148,
    -23904,
    82052
],
[
    -58148,
    -18348,
    76496
],
[
    -58148,
    -16151,
    74299
],
[
    -58118,
    -31774,
    89892
],
[
    -58118,
    -21498,
    79616
],
[
    -58118,
    -19921,
    78039
],
[
    -57996,
    -41668,
    99664
],
[
    -57996,
    -37720,
    95716
],
[
    -57996,
    -31874,
    89870
],
[
    -57996,
    -31721,
    89717
],
[
    -57996,
    -31654,
    89650
],
[
    -57876,
    -41661,
    99537
],
[
    -57876,
    -35464,
    93340
],
[
    -57876,
    -35030,
    92906
],
[
    -57876,
    -34916,
    92792
],
[
    -57876,
    -31774,
    89650
],
[
    -57876,
    -29364,
    87240
],
[
    -57876,
    -28396,
    86272
],
[
    -57730,
    -41578,
    99308
],
[
    -57730,
    -36315,
    94045
],
[
    -57730,
    -26266,
    83996
],
[
    -57730,
    -24890,
    82620
],
[
    -57730,
    -22272,
    80002
],
[
    -57658,
    -34168,
    91826
],
[
    -57658,
    -31992,
    89650
],
[
    -57658,
    -27826,
    85484
],
[
    -57658,
    -18838,
    76496
],
[
    -57613,
    -40562,
    98175
],
[
    -57613,
    -34916,
    92529
],
[
    -57613,
    -34573,
    92186
],
[
    -57613,
    -33612,
    91225
],
[
    -57613,
    -32293,
    89906
],
[
    -57613,
    -31721,
    89334
],
[
    -57613,
    -26521,
    84134
],
[
    -57607,
    -28665,
    86272
],
[
    -57553,
    -29078,
    86631
],
[
    -57553,
    -28719,
    86272
],
[
    -57553,
    -18159,
    75712
],
[
    -57513,
    -36864,
    94377
],
[
    -57513,
    -36143,
    93656
],
[
    -57513,
    -35093,
    92606
],
[
    -57513,
    -32245,
    89758
],
[
    -57513,
    -26621,
    84134
],
[
    -57513,
    -21545,
    79058
],
[
    -57513,
    -19165,
    76678
],
[
    -57513,
    -18242,
    75755
],
[
    -57347,
    -34916,
    92263
],
[
    -57347,
    -34168,
    91515
],
[
    -57347,
    -33188,
    90535
],
[
    -57347,
    -28048,
    85395
],
[
    -57347,
    -27523,
    84870
],
[
    -57347,
    -27177,
    84524
],
[
    -57340,
    -40072,
    97412
],
[
    -57340,
    -34819,
    92159
],
[
    -57340,
    -34689,
    92029
],
[
    -57340,
    -23708,
    81048
],
[
    -57313,
    -41144,
    98457
],
[
    -57313,
    -38196,
    95509
],
[
    -57313,
    -35688,
    93001
],
[
    -57313,
    -23604,
    80917
],
[
    -57313,
    -18791,
    76104
],
[
    -57313,
    -18547,
    75860
],
[
    -57301,
    -33924,
    91225
],
[
    -57301,
    -24751,
    82052
],
[
    -57301,
    -23689,
    80990
],
[
    -57301,
    -21108,
    78409
],
[
    -57185,
    -41526,
    98711
],
[
    -57185,
    -39897,
    97082
],
[
    -57185,
    -32727,
    89912
],
[
    -57185,
    -29756,
    86941
],
[
    -57185,
    -29255,
    86440
],
[
    -57185,
    -28665,
    85850
],
[
    -57185,
    -28299,
    85484
],
[
    -57185,
    -24751,
    81936
],
[
    -56939,
    -31721,
    88660
],
[
    -56939,
    -31422,
    88361
],
[
    -56939,
    -20716,
    77655
],
[
    -56939,
    -19165,
    76104
],
[
    -56753,
    -30585,
    87338
],
[
    -56753,
    -28689,
    85442
],
[
    -56695,
    -35464,
    92159
],
[
    -56695,
    -29255,
    85950
],
[
    -56695,
    -19165,
    75860
],
[
    -56679,
    -42315,
    98994
],
[
    -56679,
    -36576,
    93255
],
[
    -56679,
    -34686,
    91365
],
[
    -56679,
    -32971,
    89650
],
[
    -56679,
    -25033,
    81712
],
[
    -56679,
    -24970,
    81649
],
[
    -56678,
    -41962,
    98640
],
[
    -56678,
    -34162,
    90840
],
[
    -56678,
    -23867,
    80545
],
[
    -56678,
    -23037,
    79715
],
[
    -56678,
    -22380,
    79058
],
[
    -56663,
    -41571,
    98234
],
[
    -56663,
    -37597,
    94260
],
[
    -56663,
    -22953,
    79616
],
[
    -56625,
    -42960,
    99585
],
[
    -56625,
    -31874,
    88499
],
[
    -56625,
    -29370,
    85995
],
[
    -56625,
    -24890,
    81515
],
[
    -56510,
    -41578,
    98088
],
[
    -56510,
    -34855,
    91365
],
[
    -56510,
    -26930,
    83440
],
[
    -56510,
    -25117,
    81627
],
[
    -56510,
    -25033,
    81543
],
[
    -56510,
    -24889,
    81399
],
[
    -56469,
    -41689,
    98158
],
[
    -56469,
    -40453,
    96922
],
[
    -56469,
    -35794,
    92263
],
[
    -56469,
    -29078,
    85547
],
[
    -56469,
    -21570,
    78039
],
[
    -56120,
    -38077,
    94197
],
[
    -56120,
    -37263,
    93383
],
[
    -56120,
    -36143,
    92263
],
[
    -56120,
    -35093,
    91213
],
[
    -56120,
    -30248,
    86368
],
[
    -56120,
    -30048,
    86168
],
[
    -56120,
    -29364,
    85484
],
[
    -56120,
    -28750,
    84870
],
[
    -56120,
    -24871,
    80991
],
[
    -56103,
    -41578,
    97681
],
[
    -56103,
    -41525,
    97628
],
[
    -56103,
    -28937,
    85040
],
[
    -56062,
    -42362,
    98424
],
[
    -56062,
    -40278,
    96340
],
[
    -56062,
    -40180,
    96242
],
[
    -56062,
    -38763,
    94825
],
[
    -56062,
    -29756,
    85818
],
[
    -56062,
    -25874,
    81936
],
[
    -56061,
    -42960,
    99021
],
[
    -56061,
    -29364,
    85425
],
[
    -56061,
    -27935,
    83996
],
[
    -56061,
    -21108,
    77169
],
[
    -56048,
    -42946,
    98994
],
[
    -56048,
    -36858,
    92906
],
[
    -56048,
    -29694,
    85742
],
[
    -56048,
    -23904,
    79952
],
[
    -56022,
    -37597,
    93619
],
[
    -56022,
    -29420,
    85442
],
[
    -55790,
    -44011,
    99801
],
[
    -55790,
    -41622,
    97412
],
[
    -55790,
    -34686,
    90476
],
[
    -55790,
    -29694,
    85484
],
[
    -55790,
    -26621,
    82411
],
[
    -55790,
    -24568,
    80358
],
[
    -55692,
    -43302,
    98994
],
[
    -55692,
    -22380,
    78072
],
[
    -55543,
    -44016,
    99559
],
[
    -55543,
    -27054,
    82597
],
[
    -55543,
    -24459,
    80002
],
[
    -55480,
    -42977,
    98457
],
[
    -55480,
    -33924,
    89404
],
[
    -55480,
    -33854,
    89334
],
[
    -55480,
    -33532,
    89012
],
[
    -55480,
    -27394,
    82874
],
[
    -55480,
    -24150,
    79630
],
[
    -55428,
    -36601,
    92029
],
[
    -55428,
    -26665,
    82093
],
[
    -55428,
    -25117,
    80545
],
[
    -55401,
    -33009,
    88410
],
[
    -55401,
    -24229,
    79630
],
[
    -55332,
    -43663,
    98995
],
[
    -55332,
    -30093,
    85425
],
[
    -55171,
    -43630,
    98801
],
[
    -55171,
    -36858,
    92029
],
[
    -55171,
    -24889,
    80060
],
[
    -55171,
    -24459,
    79630
],
[
    -55171,
    -23604,
    78775
],
[
    -55107,
    -43428,
    98535
],
[
    -55107,
    -43051,
    98158
],
[
    -55107,
    -42421,
    97528
],
[
    -55107,
    -41233,
    96340
],
[
    -55107,
    -39568,
    94675
],
[
    -54944,
    -44011,
    98955
],
[
    -54944,
    -41962,
    96906
],
[
    -54944,
    -38057,
    93001
],
[
    -54944,
    -37210,
    92154
],
[
    -54944,
    -36046,
    90990
],
[
    -54944,
    -26104,
    81048
],
[
    -54944,
    -23447,
    78391
],
[
    -54931,
    -40785,
    95716
],
[
    -54931,
    -36895,
    91826
],
[
    -54931,
    -34162,
    89093
],
[
    -54931,
    -33854,
    88785
],
[
    -54931,
    -27977,
    82908
],
[
    -54931,
    -23844,
    78775
],
[
    -54714,
    -42743,
    97457
],
[
    -54714,
    -42278,
    96992
],
[
    -54714,
    -31654,
    86368
],
[
    -54714,
    -29420,
    84134
],
[
    -54714,
    -27826,
    82540
],
[
    -54710,
    -38196,
    92906
],
[
    -54710,
    -31933,
    86643
],
[
    -54710,
    -28680,
    83390
],
[
    -54710,
    -24229,
    78939
],
[
    -54696,
    -43348,
    98044
],
[
    -54696,
    -36529,
    91225
],
[
    -54696,
    -32245,
    86941
],
[
    -54696,
    -32197,
    86893
],
[
    -54696,
    -28279,
    82975
],
[
    -54577,
    -45341,
    99918
],
[
    -54577,
    -44516,
    99093
],
[
    -54577,
    -43051,
    97628
],
[
    -54577,
    -40180,
    94757
],
[
    -54577,
    -38763,
    93340
],
[
    -54564,
    -45341,
    99905
],
[
    -54564,
    -42278,
    96842
],
[
    -54564,
    -30439,
    85003
],
[
    -54564,
    -25821,
    80385
],
[
    -54564,
    -24978,
    79542
],
[
    -54564,
    -24375,
    78939
],
[
    -54534,
    -44371,
    98905
],
[
    -54534,
    -32958,
    87492
],
[
    -54534,
    -29756,
    84290
],
[
    -54458,
    -43776,
    98234
],
[
    -54458,
    -43630,
    98088
],
[
    -54458,
    -35249,
    89707
],
[
    -54458,
    -32971,
    87429
],
[
    -54452,
    -45133,
    99585
],
[
    -54452,
    -42960,
    97412
],
[
    -54452,
    -38077,
    92529
],
[
    -54452,
    -34333,
    88785
],
[
    -54439,
    -44516,
    98955
],
[
    -54439,
    -39736,
    94175
],
[
    -54439,
    -37720,
    92159
],
[
    -54439,
    -37656,
    92095
],
[
    -54439,
    -36551,
    90990
],
[
    -54439,
    -34573,
    89012
],
[
    -54252,
    -42960,
    97212
],
[
    -54252,
    -40573,
    94825
],
[
    -54252,
    -37263,
    91515
],
[
    -54252,
    -27460,
    81712
],
[
    -54252,
    -26665,
    80917
],
[
    -54126,
    -39897,
    94023
],
[
    -54126,
    -36864,
    90990
],
[
    -54126,
    -36714,
    90840
],
[
    -54126,
    -31358,
    85484
],
[
    -54126,
    -29066,
    83192
],
[
    -54126,
    -27523,
    81649
],
[
    -53985,
    -42946,
    96931
],
[
    -53985,
    -41144,
    95129
],
[
    -53985,
    -40357,
    94342
],
[
    -53985,
    -31757,
    85742
],
[
    -53707,
    -40490,
    94197
],
[
    -53678,
    -42315,
    95993
],
[
    -53678,
    -34855,
    88533
],
[
    -53678,
    -34821,
    88499
],
[
    -53678,
    -34789,
    88467
],
[
    -53678,
    -29515,
    83193
],
[
    -53580,
    -44508,
    98088
],
[
    -53580,
    -31774,
    85354
],
[
    -53580,
    -31423,
    85003
],
[
    -53580,
    -27935,
    81515
],
[
    -53580,
    -26965,
    80545
],
[
    -53451,
    -45504,
    98955
],
[
    -53451,
    -42889,
    96340
],
[
    -53451,
    -36455,
    89906
],
[
    -53447,
    -45750,
    99197
],
[
    -53447,
    -43630,
    97077
],
[
    -53447,
    -38739,
    92186
],
[
    -53447,
    -36459,
    89906
],
[
    -53447,
    -31423,
    84870
],
[
    -53306,
    -45586,
    98892
],
[
    -53306,
    -43776,
    97082
],
[
    -53306,
    -32119,
    85425
],
[
    -53238,
    -40785,
    94023
],
[
    -53238,
    -35139,
    88377
],
[
    -53178,
    -40524,
    93702
],
[
    -53178,
    -39897,
    93075
],
[
    -53178,
    -36714,
    89892
],
[
    -53178,
    -36529,
    89707
],
[
    -53178,
    -31757,
    84935
],
[
    -53156,
    -45504,
    98660
],
[
    -53156,
    -45484,
    98640
],
[
    -53156,
    -44888,
    98044
],
[
    -53156,
    -42315,
    95471
],
[
    -53156,
    -38057,
    91213
],
[
    -53156,
    -36714,
    89870
],
[
    -53156,
    -36551,
    89707
],
[
    -53156,
    -29255,
    82411
],
[
    -53156,
    -28937,
    82093
],
[
    -53067,
    -46597,
    99664
],
[
    -53067,
    -46492,
    99559
],
[
    -53067,
    -46016,
    99083
],
[
    -53067,
    -35249,
    88316
],
[
    -53067,
    -33295,
    86362
],
[
    -53067,
    -30105,
    83172
],
[
    -53067,
    -28645,
    81712
],
[
    -52866,
    -46721,
    99587
],
[
    -52866,
    -35794,
    88660
],
[
    -52866,
    -32576,
    85442
],
[
    -52803,
    -44878,
    97681
],
[
    -52803,
    -36601,
    89404
],
[
    -52803,
    -34689,
    87492
],
[
    -52803,
    -31721,
    84524
],
[
    -52803,
    -30105,
    82908
],
[
    -52764,
    -41578,
    94342
],
[
    -52579,
    -47239,
    99818
],
[
    -52579,
    -44878,
    97457
],
[
    -52579,
    -43663,
    96242
],
[
    -52579,
    -38786,
    91365
],
[
    -52565,
    -46334,
    98899
],
[
    -52565,
    -43428,
    95993
],
[
    -52507,
    -41668,
    94175
],
[
    -52507,
    -37210,
    89717
],
[
    -52507,
    -32847,
    85354
],
[
    -52507,
    -30883,
    83390
],
[
    -52480,
    -47425,
    99905
],
[
    -52480,
    -46828,
    99308
],
[
    -52480,
    -34949,
    87429
],
[
    -52480,
    -31654,
    84134
],
[
    -52477,
    -47060,
    99537
],
[
    -52477,
    -45575,
    98052
],
[
    -52477,
    -40524,
    93001
],
[
    -52477,
    -38987,
    91464
],
[
    -52459,
    -47100,
    99559
],
[
    -52459,
    -41814,
    94273
],
[
    -52459,
    -35033,
    87492
],
[
    -52407,
    -46492,
    98899
],
[
    -52407,
    -41842,
    94249
],
[
    -52407,
    -40199,
    92606
],
[
    -52376,
    -47425,
    99801
],
[
    -52376,
    -41689,
    94065
],
[
    -52376,
    -31620,
    83996
],
[
    -52376,
    -30796,
    83172
],
[
    -52318,
    -36775,
    89093
],
[
    -52318,
    -33532,
    85850
],
[
    -52318,
    -31466,
    83784
],
[
    -52318,
    -30093,
    82411
],
[
    -52263,
    -46692,
    98955
],
[
    -52263,
    -34678,
    86941
],
[
    -52250,
    -37656,
    89906
],
[
    -52250,
    -33492,
    85742
],
[
    -52197,
    -45484,
    97681
],
[
    -52197,
    -36455,
    88652
],
[
    -52108,
    -32958,
    85066
],
[
    -52097,
    -47100,
    99197
],
[
    -52075,
    -45606,
    97681
],
[
    -52075,
    -42251,
    94326
],
[
    -52075,
    -36392,
    88467
],
[
    -52075,
    -33920,
    85995
],
[
    -52075,
    -32576,
    84651
],
[
    -52056,
    -47578,
    99634
],
[
    -52056,
    -36455,
    88511
],
[
    -52038,
    -47763,
    99801
],
[
    -52038,
    -46602,
    98640
],
[
    -52038,
    -42137,
    94175
],
[
    -52038,
    -37720,
    89758
],
[
    -52038,
    -36197,
    88235
],
[
    -52038,
    -35391,
    87429
],
[
    -52038,
    -34855,
    86893
],
[
    -52038,
    -34821,
    86859
],
[
    -51965,
    -46597,
    98562
],
[
    -51965,
    -46492,
    98457
],
[
    -51965,
    -35464,
    87429
],
[
    -51965,
    -34678,
    86643
],
[
    -51952,
    -45504,
    97456
],
[
    -51952,
    -34410,
    86362
],
[
    -51952,
    -33532,
    85484
],
[
    -51791,
    -38533,
    90324
],
[
    -51721,
    -41689,
    93410
],
[
    -51700,
    -44888,
    96588
],
[
    -51700,
    -44016,
    95716
],
[
    -51700,
    -41622,
    93322
],
[
    -51700,
    -38739,
    90439
],
[
    -51616,
    -47921,
    99537
],
[
    -51616,
    -36895,
    88511
],
[
    -51616,
    -32518,
    84134
],
[
    -51616,
    -32119,
    83735
],
[
    -51616,
    -31774,
    83390
],
[
    -51478,
    -47605,
    99083
],
[
    -51478,
    -40785,
    92263
],
[
    -51478,
    -37263,
    88741
],
[
    -51478,
    -32518,
    83996
],
[
    -51333,
    -43492,
    94825
],
[
    -51333,
    -41668,
    93001
],
[
    -51333,
    -34168,
    85501
],
[
    -51280,
    -42743,
    94023
],
[
    -51280,
    -35464,
    86744
],
[
    -51280,
    -34789,
    86069
],
[
    -51280,
    -34162,
    85442
],
[
    -51185,
    -47239,
    98424
],
[
    -51185,
    -42137,
    93322
],
[
    -51185,
    -40180,
    91365
],
[
    -51149,
    -47009,
    98158
],
[
    -51149,
    -40127,
    91276
],
[
    -51149,
    -38763,
    89912
],
[
    -51149,
    -33854,
    85003
],
[
    -51149,
    -32847,
    83996
],
[
    -51098,
    -47060,
    98158
],
[
    -51098,
    -44719,
    95817
],
[
    -51098,
    -40127,
    91225
],
[
    -51098,
    -37263,
    88361
],
[
    -50881,
    -48140,
    99021
],
[
    -50881,
    -35391,
    86272
],
[
    -50879,
    -47578,
    98457
],
[
    -50879,
    -46597,
    97476
],
[
    -50879,
    -37656,
    88535
],
[
    -50879,
    -36601,
    87480
],
[
    -50879,
    -36459,
    87338
],
[
    -50811,
    -47425,
    98236
],
[
    -50811,
    -39095,
    89906
],
[
    -50811,
    -37656,
    88467
],
[
    -50811,
    -35139,
    85950
],
[
    -50749,
    -48745,
    99494
],
[
    -50708,
    -39050,
    89758
],
[
    -50708,
    -38077,
    88785
],
[
    -50708,
    -37653,
    88361
],
[
    -50708,
    -34162,
    84870
],
[
    -50585,
    -46492,
    97077
],
[
    -50585,
    -40490,
    91075
],
[
    -50585,
    -40007,
    90592
],
[
    -50585,
    -38196,
    88781
],
[
    -50585,
    -37731,
    88316
],
[
    -50585,
    -36895,
    87480
],
[
    -50585,
    -36046,
    86631
],
[
    -50585,
    -34916,
    85501
],
[
    -50585,
    -34689,
    85274
],
[
    -50566,
    -48333,
    98899
],
[
    -50566,
    -47670,
    98236
],
[
    -50566,
    -43776,
    94342
],
[
    -50566,
    -38446,
    89012
],
[
    -50451,
    -46761,
    97212
],
[
    -50451,
    -42889,
    93340
],
[
    -50451,
    -41578,
    92029
],
[
    -50451,
    -35033,
    85484
],
[
    -50441,
    -45030,
    95471
],
[
    -50426,
    -48568,
    98994
],
[
    -50426,
    -48285,
    98711
],
[
    -50426,
    -38586,
    89012
],
[
    -50416,
    -49489,
    99905
],
[
    -50416,
    -47060,
    97476
],
[
    -50416,
    -42659,
    93075
],
[
    -50416,
    -39568,
    89984
],
[
    -50416,
    -39454,
    89870
],
[
    -50416,
    -38677,
    89093
],
[
    -50276,
    -48745,
    99021
],
[
    -50276,
    -47352,
    97628
],
[
    -50122,
    -46809,
    96931
],
[
    -50122,
    -39585,
    89707
],
[
    -50122,
    -36046,
    86168
],
[
    -50022,
    -47060,
    97082
],
[
    -50022,
    -42137,
    92159
],
[
    -50022,
    -39736,
    89758
],
[
    -50022,
    -38763,
    88785
],
[
    -49912,
    -48140,
    98052
],
[
    -49912,
    -43428,
    93340
],
[
    -49912,
    -40072,
    89984
],
[
    -49851,
    -47605,
    97456
],
[
    -49851,
    -37210,
    87061
],
[
    -49851,
    -36893,
    86744
],
[
    -49712,
    -48745,
    98457
],
[
    -49712,
    -40180,
    89892
],
[
    -49712,
    -39902,
    89614
],
[
    -49489,
    -48935,
    98424
],
[
    -49489,
    -48745,
    98234
],
[
    -49489,
    -44888,
    94377
],
[
    -49489,
    -40161,
    89650
],
[
    -49482,
    -48676,
    98158
],
[
    -49482,
    -43667,
    93149
],
[
    -49430,
    -48745,
    98175
],
[
    -49430,
    -47492,
    96922
],
[
    -49405,
    -45030,
    94435
],
[
    -49405,
    -42421,
    91826
],
[
    -49405,
    -37656,
    87061
],
[
    -49344,
    -47578,
    96922
],
[
    -49344,
    -44679,
    94023
],
[
    -49344,
    -41689,
    91033
],
[
    -49344,
    -40562,
    89906
],
[
    -49344,
    -39308,
    88652
],
[
    -49337,
    -44319,
    93656
],
[
    -49127,
    -48285,
    97412
],
[
    -49127,
    -45133,
    94260
],
[
    -49127,
    -40785,
    89912
],
[
    -49127,
    -38533,
    87660
],
[
    -48935,
    -44684,
    93619
],
[
    -48935,
    -42278,
    91213
],
[
    -48904,
    -48542,
    97446
],
[
    -48745,
    -45504,
    94249
],
[
    -48745,
    -44016,
    92761
],
[
    -48568,
    -47425,
    95993
],
[
    -48568,
    -46941,
    95509
],
[
    -48568,
    -46107,
    94675
],
[
    -48542,
    -47239,
    95781
],
[
    -48542,
    -40199,
    88741
],
[
    -48480,
    -40180,
    88660
],
[
    -48444,
    -46596,
    95040
],
[
    -48444,
    -44878,
    93322
],
[
    -48444,
    -44679,
    93123
],
[
    -48333,
    -46492,
    94825
],
[
    -48140,
    -44371,
    92511
],
[
    -47921,
    -46254,
    94175
],
[
    -47890,
    -47239,
    95129
],
[
    -47670,
    -44516,
    92186
],
[
    -47670,
    -42536,
    90206
],
[
    -47605,
    -46721,
    94326
],
[
    -47605,
    -43428,
    91033
],
[
    -47578,
    -46597,
    94175
],
[
    -47492,
    -43348,
    90840
],
[
    -47239,
    -46417,
    93656
],
[
    -47239,
    -46016,
    93255
],
[
    -47104,
    -46941,
    94045
],
[
    -47104,
    -46399,
    93503
],
[
    -47100,
    -46602,
    93702
],
[
    -47060,
    -46596,
    93656
],
[
    -47009,
    -46492,
    93501
],
[
    -46941,
    -46761,
    93702
],
[
    -46941,
    -46399,
    93340
],
[
    -46809,
    -46692,
    93501
],
[
    -46761,
    -45750,
    92511
],
[
    -46602,
    -46399,
    93001
],
[
    -21405,
    -19921,
    41326
],
[
    -21405,
    -19177,
    40582
],
[
    -21405,
    -14452,
    35857
],
[
    -21405,
    -13706,
    35111
],
[
    -21405,
    -8849,
    30254
],
[
    -21405,
    -3221,
    24626
],
[
    -21405,
    -2707,
    24112
],
[
    -21405,
    1919,
    19486
],
[
    -21383,
    -16523,
    37906
],
[
    -21383,
    -13658,
    35041
],
[
    -21383,
    -13174,
    34557
],
[
    -21383,
    -12113,
    33496
],
[
    -21383,
    -10238,
    31621
],
[
    -21383,
    -3596,
    24979
],
[
    -21383,
    -3490,
    24873
],
[
    -21383,
    1637,
    19746
],
[
    -21383,
    1897,
    19486
],
[
    -21383,
    3342,
    18041
],
[
    -21383,
    10673,
    10710
],
[
    -21156,
    -21108,
    42264
],
[
    -21156,
    -20572,
    41728
],
[
    -21156,
    -15016,
    36172
],
[
    -21156,
    -14087,
    35243
],
[
    -21156,
    -13155,
    34311
],
[
    -21156,
    -10640,
    31796
],
[
    -21156,
    -6939,
    28095
],
[
    -21156,
    -2314,
    23470
],
[
    -21156,
    9104,
    12052
],
[
    -21108,
    -16832,
    37940
],
[
    -21108,
    -14003,
    35111
],
[
    -21108,
    -12388,
    33496
],
[
    -21108,
    -7041,
    28149
],
[
    -21108,
    -3765,
    24873
],
[
    -21108,
    -3406,
    24514
],
[
    -21108,
    -2445,
    23553
],
[
    -21108,
    -1343,
    22451
],
[
    -21108,
    -602,
    21710
],
[
    -21108,
    2705,
    18403
],
[
    -21108,
    3114,
    17994
],
[
    -21052,
    -14388,
    35440
],
[
    -21052,
    -13505,
    34557
],
[
    -21052,
    -11113,
    32165
],
[
    -21052,
    -9461,
    30513
],
[
    -21052,
    -8801,
    29853
],
[
    -21052,
    -4257,
    25309
],
[
    -21052,
    929,
    20123
],
[
    -21052,
    7352,
    13700
],
[
    -20888,
    -19335,
    40223
],
[
    -20888,
    -18838,
    39726
],
[
    -20888,
    20,
    20868
],
[
    -20888,
    9612,
    11276
],
[
    -20716,
    -16580,
    37296
],
[
    -20716,
    -7418,
    28134
],
[
    -20716,
    -2954,
    23670
],
[
    -20716,
    2246,
    18470
],
[
    -20655,
    -13726,
    34381
],
[
    -20655,
    -10957,
    31612
],
[
    -20655,
    -10640,
    31295
],
[
    -20572,
    -5431,
    26003
],
[
    -20572,
    -3046,
    23618
],
[
    -20564,
    -15293,
    35857
],
[
    -20564,
    -6954,
    27518
],
[
    -20564,
    -4105,
    24669
],
[
    -20564,
    -2989,
    23553
],
[
    -20564,
    -2707,
    23271
],
[
    -20564,
    1209,
    19355
],
[
    -20564,
    4320,
    16244
],
[
    -20389,
    -18942,
    39331
],
[
    -20389,
    -10960,
    31349
],
[
    -20389,
    -4185,
    24574
],
[
    -20389,
    1919,
    18470
],
[
    -20389,
    4460,
    15929
],
[
    -20389,
    10153,
    10236
],
[
    -20289,
    -16109,
    36398
],
[
    -20289,
    -15239,
    35528
],
[
    -20289,
    -12716,
    33005
],
[
    -20289,
    -8682,
    28971
],
[
    -20289,
    -7845,
    28134
],
[
    -20289,
    -7532,
    27821
],
[
    -20289,
    -6088,
    26377
],
[
    -20289,
    -5453,
    25742
],
[
    -20289,
    8434,
    11855
],
[
    -20289,
    9883,
    10406
],
[
    -20267,
    -20060,
    40327
],
[
    -20267,
    -18942,
    39209
],
[
    -20267,
    -18838,
    39105
],
[
    -20267,
    -18348,
    38615
],
[
    -20267,
    -13782,
    34049
],
[
    -20267,
    -13417,
    33684
],
[
    -20267,
    -9741,
    30008
],
[
    -20267,
    -8527,
    28794
],
[
    -20267,
    -7041,
    27308
],
[
    -20267,
    -5475,
    25742
],
[
    -20267,
    -4942,
    25209
],
[
    -20267,
    250,
    20017
],
[
    -20267,
    7225,
    13042
],
[
    -20267,
    8845,
    11422
],
[
    -20216,
    -18159,
    38375
],
[
    -20216,
    -18126,
    38342
],
[
    -20216,
    -16929,
    37145
],
[
    -20216,
    -12113,
    32329
],
[
    -20216,
    -9732,
    29948
],
[
    -20216,
    -585,
    20801
],
[
    -20216,
    2909,
    17307
],
[
    -20216,
    5355,
    14861
],
[
    -20216,
    8940,
    11276
],
[
    -20060,
    -19357,
    39417
],
[
    -20060,
    -19165,
    39225
],
[
    -20060,
    -14600,
    34660
],
[
    -20060,
    -14263,
    34323
],
[
    -20060,
    -1900,
    21960
],
[
    -20060,
    6086,
    13974
],
[
    -20060,
    7252,
    12808
],
[
    -19921,
    -19410,
    39331
],
[
    -19921,
    -19165,
    39086
],
[
    -19921,
    -18348,
    38269
],
[
    -19921,
    -17025,
    36946
],
[
    -19921,
    -10238,
    30159
],
[
    -19921,
    -5306,
    25227
],
[
    -19921,
    -2141,
    22062
],
[
    -19644,
    -17341,
    36985
],
[
    -19644,
    -15016,
    34660
],
[
    -19644,
    -4026,
    23670
],
[
    -19644,
    5017,
    14627
],
[
    -19607,
    -18159,
    37766
],
[
    -19607,
    -14866,
    34473
],
[
    -19607,
    -13840,
    33447
],
[
    -19607,
    -12957,
    32564
],
[
    -19607,
    -11318,
    30925
],
[
    -19607,
    -8527,
    28134
],
[
    -19607,
    -4913,
    24520
],
[
    -19607,
    252,
    19355
],
[
    -19607,
    5992,
    13615
],
[
    -19607,
    6001,
    13606
],
[
    -19475,
    -16464,
    35939
],
[
    -19475,
    -6864,
    26339
],
[
    -19475,
    -1636,
    21111
],
[
    -19475,
    -542,
    20017
],
[
    -19475,
    792,
    18683
],
[
    -19475,
    5992,
    13483
],
[
    -19410,
    -15501,
    34911
],
[
    -19410,
    -13155,
    32565
],
[
    -19410,
    -12879,
    32289
],
[
    -19410,
    -7532,
    26942
],
[
    -19410,
    -7041,
    26451
],
[
    -19410,
    -2156,
    21566
],
[
    -19410,
    727,
    18683
],
[
    -19410,
    3114,
    16296
],
[
    -19410,
    4394,
    15016
],
[
    -19410,
    9174,
    10236
],
[
    -19391,
    -18242,
    37633
],
[
    -19391,
    -17561,
    36952
],
[
    -19391,
    -13174,
    32565
],
[
    -19391,
    -12179,
    31570
],
[
    -19391,
    -9241,
    28632
],
[
    -19391,
    -2388,
    21779
],
[
    -19391,
    -1900,
    21291
],
[
    -19391,
    -1186,
    20577
],
[
    -19370,
    -15741,
    35111
],
[
    -19370,
    -15016,
    34386
],
[
    -19370,
    -11555,
    30925
],
[
    -19370,
    -10238,
    29608
],
[
    -19370,
    -10101,
    29471
],
[
    -19370,
    -9243,
    28613
],
[
    -19370,
    -7535,
    26905
],
[
    -19370,
    -7528,
    26898
],
[
    -19370,
    -1741,
    21111
],
[
    -19370,
    5356,
    14014
],
[
    -19370,
    7170,
    12200
],
[
    -19357,
    -18221,
    37578
],
[
    -19357,
    -7679,
    27036
],
[
    -19335,
    -16760,
    36095
],
[
    -19335,
    -16324,
    35659
],
[
    -19335,
    -12235,
    31570
],
[
    -19335,
    -11662,
    30997
],
[
    -19335,
    -8966,
    28301
],
[
    -19335,
    3649,
    15686
],
[
    -19335,
    3939,
    15396
],
[
    -19335,
    5852,
    13483
],
[
    -19335,
    5992,
    13343
],
[
    -19246,
    -8849,
    28095
],
[
    -19246,
    -8763,
    28009
],
[
    -19246,
    -4866,
    24112
],
[
    -19246,
    -1331,
    20577
],
[
    -19246,
    9104,
    10142
],
[
    -19177,
    -19165,
    38342
],
[
    -19177,
    -14270,
    33447
],
[
    -19177,
    -12393,
    31570
],
[
    -19177,
    -8832,
    28009
],
[
    -19177,
    -8824,
    28001
],
[
    -19177,
    -7877,
    27054
],
[
    -19177,
    -1760,
    20937
],
[
    -19177,
    6086,
    13091
],
[
    -19165,
    -15086,
    34251
],
[
    -19165,
    -13840,
    33005
],
[
    -19165,
    -12374,
    31539
],
[
    -19165,
    -1636,
    20801
],
[
    -19165,
    -1331,
    20496
],
[
    -19165,
    252,
    18913
],
[
    -19165,
    5465,
    13700
],
[
    -19145,
    -4185,
    23330
],
[
    -19082,
    -18126,
    37208
],
[
    -19082,
    -15016,
    34098
],
[
    -19082,
    -4026,
    23108
],
[
    -19082,
    -2919,
    22001
],
[
    -19082,
    -1415,
    20497
],
[
    -19082,
    3023,
    16059
],
[
    -19082,
    5467,
    13615
],
[
    -19082,
    6364,
    12718
],
[
    -19082,
    8940,
    10142
],
[
    -18980,
    -15331,
    34311
],
[
    -18980,
    -12641,
    31621
],
[
    -18980,
    -8798,
    27778
],
[
    -18980,
    -7845,
    26825
],
[
    -18980,
    -2586,
    21566
],
[
    -18980,
    6739,
    12241
],
[
    -18980,
    8838,
    10142
],
[
    -18942,
    -15052,
    33994
],
[
    -18942,
    -12716,
    31658
],
[
    -18942,
    -9037,
    27979
],
[
    -18942,
    -6218,
    25160
],
[
    -18942,
    -1859,
    20801
],
[
    -18874,
    -18422,
    37296
],
[
    -18874,
    -14258,
    33132
],
[
    -18874,
    -5532,
    24406
],
[
    -18874,
    4247,
    14627
],
[
    -18874,
    6822,
    12052
],
[
    -18874,
    8845,
    10029
],
[
    -18838,
    -13726,
    32564
],
[
    -18838,
    2909,
    15929
],
[
    -18838,
    3340,
    15498
],
[
    -18838,
    5355,
    13483
],
[
    -18791,
    -17363,
    36154
],
[
    -18791,
    -6218,
    25009
],
[
    -18791,
    -3271,
    22062
],
[
    -18791,
    -2919,
    21710
],
[
    -18791,
    -2243,
    21034
],
[
    -18791,
    6739,
    12052
],
[
    -18747,
    -18461,
    37208
],
[
    -18747,
    -14258,
    33005
],
[
    -18747,
    -11261,
    30008
],
[
    -18747,
    6421,
    12326
],
[
    -18563,
    -18422,
    36985
],
[
    -18563,
    -15121,
    33684
],
[
    -18563,
    -13726,
    32289
],
[
    -18563,
    -3218,
    21781
],
[
    -18563,
    -2863,
    21426
],
[
    -18563,
    -1560,
    20123
],
[
    -18563,
    7344,
    11219
],
[
    -18563,
    8940,
    9623
],
[
    -18547,
    -13782,
    32329
],
[
    -18547,
    -13417,
    31964
],
[
    -18547,
    -9274,
    27821
],
[
    -18547,
    -5532,
    24079
],
[
    -18547,
    -1331,
    19878
],
[
    -18547,
    6214,
    12333
],
[
    -18461,
    -16580,
    35041
],
[
    -18461,
    -14104,
    32565
],
[
    -18461,
    -11293,
    29754
],
[
    -18461,
    -10238,
    28699
],
[
    -18461,
    -3990,
    22451
],
[
    -18461,
    -2951,
    21412
],
[
    -18461,
    4656,
    13805
],
[
    -18461,
    8838,
    9623
],
[
    -18422,
    -9096,
    27518
],
[
    -18422,
    7712,
    10710
],
[
    -18348,
    -16000,
    34348
],
[
    -18348,
    -15317,
    33665
],
[
    -18348,
    -7341,
    25689
],
[
    -18348,
    -5860,
    24208
],
[
    -18348,
    -3218,
    21566
],
[
    -18348,
    252,
    18096
],
[
    -18331,
    -16580,
    34911
],
[
    -18331,
    -16000,
    34331
],
[
    -18331,
    -15619,
    33950
],
[
    -18331,
    -15206,
    33537
],
[
    -18331,
    -10640,
    28971
],
[
    -18331,
    -10301,
    28632
],
[
    -18331,
    -2141,
    20472
],
[
    -18331,
    -1415,
    19746
],
[
    -18331,
    -1119,
    19450
],
[
    -18242,
    -14087,
    32329
],
[
    -18242,
    -4866,
    23108
],
[
    -18242,
    -1636,
    19878
],
[
    -18242,
    4394,
    13848
],
[
    -18242,
    6001,
    12241
],
[
    -18221,
    -17452,
    35673
],
[
    -18221,
    -15816,
    34037
],
[
    -18221,
    -6939,
    25160
],
[
    -18221,
    4247,
    13974
],
[
    -18211,
    -14531,
    32742
],
[
    -18211,
    -1806,
    20017
],
[
    -18159,
    -15477,
    33636
],
[
    -18159,
    -14270,
    32429
],
[
    -18159,
    -10960,
    29119
],
[
    -18159,
    -4322,
    22481
],
[
    -18159,
    -2151,
    20310
],
[
    -18126,
    -17902,
    36028
],
[
    -18126,
    -15802,
    33928
],
[
    -18126,
    -11113,
    29239
],
[
    -18126,
    -7877,
    26003
],
[
    -18080,
    -16929,
    35009
],
[
    -18080,
    -16580,
    34660
],
[
    -18080,
    -15802,
    33882
],
[
    -18080,
    -15052,
    33132
],
[
    -18080,
    -14003,
    32083
],
[
    -18080,
    -9741,
    27821
],
[
    -18080,
    -2954,
    21034
],
[
    -18080,
    3340,
    14740
],
[
    -18080,
    4394,
    13686
],
[
    -17902,
    -17341,
    35243
],
[
    -17902,
    -14263,
    32165
],
[
    -17902,
    6428,
    11474
],
[
    -17790,
    -13505,
    31295
],
[
    -17790,
    -9310,
    27100
],
[
    -17790,
    -7341,
    25131
],
[
    -17790,
    -2707,
    20497
],
[
    -17790,
    -1331,
    19121
],
[
    -17790,
    6214,
    11576
],
[
    -17561,
    -9642,
    27203
],
[
    -17561,
    -7418,
    24979
],
[
    -17561,
    -2954,
    20515
],
[
    -17561,
    -1560,
    19121
],
[
    -17561,
    -562,
    18123
],
[
    -17561,
    -447,
    18008
],
[
    -17561,
    1591,
    15970
],
[
    -17452,
    -16929,
    34381
],
[
    -17452,
    -16085,
    33537
],
[
    -17452,
    -15524,
    32976
],
[
    -17452,
    -14087,
    31539
],
[
    -17452,
    -13897,
    31349
],
[
    -17452,
    -13500,
    30952
],
[
    -17452,
    -8824,
    26276
],
[
    -17452,
    -7679,
    25131
],
[
    -17452,
    -6954,
    24406
],
[
    -17452,
    -6218,
    23670
],
[
    -17452,
    -542,
    17994
],
[
    -17365,
    -11670,
    29035
],
[
    -17365,
    -7041,
    24406
],
[
    -17363,
    -14258,
    31621
],
[
    -17341,
    -16324,
    33665
],
[
    -17341,
    -10960,
    28301
],
[
    -17341,
    -10660,
    28001
],
[
    -17341,
    -7532,
    24873
],
[
    -17341,
    -3596,
    20937
],
[
    -17341,
    -2586,
    19927
],
[
    -17341,
    -1408,
    18749
],
[
    -17341,
    1591,
    15750
],
[
    -17223,
    -15206,
    32429
],
[
    -17223,
    -14915,
    32138
],
[
    -17223,
    -7908,
    25131
],
[
    -17223,
    -5532,
    22755
],
[
    -17223,
    2890,
    14333
],
[
    -17025,
    -16464,
    33489
],
[
    -17025,
    -14270,
    31295
],
[
    -17025,
    -8849,
    25874
],
[
    -17025,
    -3490,
    20515
],
[
    -17025,
    -1741,
    18766
],
[
    -17025,
    3325,
    13700
],
[
    -17008,
    -14531,
    31539
],
[
    -17008,
    -13505,
    30513
],
[
    -17008,
    -11293,
    28301
],
[
    -17008,
    -4866,
    21874
],
[
    -17008,
    -4026,
    21034
],
[
    -17008,
    -2989,
    19997
],
[
    -17008,
    -2919,
    19927
],
[
    -17008,
    -1741,
    18749
],
[
    -17008,
    4675,
    12333
],
[
    -16929,
    -4105,
    21034
],
[
    -16922,
    -14003,
    30925
],
[
    -16922,
    -12113,
    29035
],
[
    -16922,
    -1119,
    18041
],
[
    -16922,
    3063,
    13859
],
[
    -16922,
    4280,
    12642
],
[
    -16866,
    -11113,
    27979
],
[
    -16866,
    -6242,
    23108
],
[
    -16866,
    -5453,
    22319
],
[
    -16866,
    -4913,
    21779
],
[
    -16866,
    -3490,
    20356
],
[
    -16866,
    -1900,
    18766
],
[
    -16832,
    -15121,
    31953
],
[
    -16832,
    -4105,
    20937
],
[
    -16832,
    -3046,
    19878
],
[
    -16832,
    910,
    15922
],
[
    -16832,
    6739,
    10093
],
[
    -16760,
    -15982,
    32742
],
[
    -16760,
    -11219,
    27979
],
[
    -16760,
    -9243,
    26003
],
[
    -16760,
    -9037,
    25797
],
[
    -16760,
    -6511,
    23271
],
[
    -16760,
    -5021,
    21781
],
[
    -16760,
    -3596,
    20356
],
[
    -16580,
    -14915,
    31495
],
[
    -16580,
    -13174,
    29754
],
[
    -16580,
    -7628,
    24208
],
[
    -16580,
    -7617,
    24197
],
[
    -16580,
    -7532,
    24112
],
[
    -16580,
    -585,
    17165
],
[
    -16580,
    2803,
    13777
],
[
    -16580,
    4247,
    12333
],
[
    -16580,
    6421,
    10159
],
[
    -16523,
    -15016,
    31539
],
[
    -16523,
    -12716,
    29239
],
[
    -16523,
    -9274,
    25797
],
[
    -16523,
    -2243,
    18766
],
[
    -16523,
    -1119,
    17642
],
[
    -16523,
    6364,
    10159
],
[
    -16511,
    -8798,
    25309
],
[
    -16511,
    -7041,
    23552
],
[
    -16511,
    -1483,
    17994
],
[
    -16511,
    2890,
    13621
],
[
    -16511,
    4656,
    11855
],
[
    -16464,
    -15619,
    32083
],
[
    -16464,
    -12235,
    28699
],
[
    -16464,
    -11670,
    28134
],
[
    -16464,
    -8763,
    25227
],
[
    -16464,
    1558,
    14906
],
[
    -16350,
    -13658,
    30008
],
[
    -16350,
    -10101,
    26451
],
[
    -16350,
    -6493,
    22843
],
[
    -16350,
    -5431,
    21781
],
[
    -16350,
    -2243,
    18593
],
[
    -16350,
    -1560,
    17910
],
[
    -16350,
    3302,
    13048
],
[
    -16324,
    -12470,
    28794
],
[
    -16324,
    -4322,
    20646
],
[
    -16267,
    -15816,
    32083
],
[
    -16267,
    -10184,
    26451
],
[
    -16267,
    -10130,
    26397
],
[
    -16267,
    -7845,
    24112
],
[
    -16267,
    -1741,
    18008
],
[
    -16151,
    -15802,
    31953
],
[
    -16151,
    -14263,
    30414
],
[
    -16151,
    -11670,
    27821
],
[
    -16151,
    -10130,
    26281
],
[
    -16151,
    -4159,
    20310
],
[
    -16151,
    -3218,
    19369
],
[
    -16151,
    5992,
    10159
],
[
    -16109,
    -15917,
    32026
],
[
    -16109,
    -12374,
    28483
],
[
    -16109,
    -9022,
    25131
],
[
    -16109,
    -3555,
    19664
],
[
    -16109,
    -1343,
    17452
],
[
    -16109,
    2909,
    13200
],
[
    -16109,
    5017,
    11092
],
[
    -16085,
    -12761,
    28846
],
[
    -16085,
    -11433,
    27518
],
[
    -16085,
    -3406,
    19491
],
[
    -16085,
    3302,
    12783
],
[
    -16085,
    5992,
    10093
],
[
    -16085,
    7225,
    8860
],
[
    -16065,
    -13174,
    29239
],
[
    -16065,
    -9732,
    25797
],
[
    -16065,
    3023,
    13042
],
[
    -16065,
    5355,
    10710
],
[
    -16065,
    5356,
    10709
],
[
    -16000,
    -13174,
    29174
],
[
    -16000,
    250,
    15750
],
[
    -16000,
    2909,
    13091
],
[
    -15982,
    -14531,
    30513
],
[
    -15982,
    -12113,
    28095
],
[
    -15982,
    -10960,
    26942
],
[
    -15982,
    -2141,
    18123
],
[
    -15982,
    3295,
    12687
],
[
    -15982,
    3340,
    12642
],
[
    -15982,
    3649,
    12333
],
[
    -15982,
    4508,
    11474
],
[
    -15917,
    -15741,
    31658
],
[
    -15917,
    -15653,
    31570
],
[
    -15917,
    -12235,
    28152
],
[
    -15917,
    -9310,
    25227
],
[
    -15917,
    -9243,
    25160
],
[
    -15917,
    2826,
    13091
],
[
    -15816,
    -13155,
    28971
],
[
    -15816,
    -11318,
    27134
],
[
    -15816,
    -9241,
    25057
],
[
    -15816,
    -8853,
    24669
],
[
    -15816,
    -6939,
    22755
],
[
    -15816,
    -5475,
    21291
],
[
    -15816,
    -5306,
    21122
],
[
    -15816,
    -1636,
    17452
],
[
    -15816,
    910,
    14906
],
[
    -15816,
    4394,
    11422
],
[
    -15802,
    -14452,
    30254
],
[
    -15802,
    -9241,
    25043
],
[
    -15802,
    -8824,
    24626
],
[
    -15802,
    -7528,
    23330
],
[
    -15802,
    -7041,
    22843
],
[
    -15741,
    -13726,
    29467
],
[
    -15741,
    -12393,
    28134
],
[
    -15741,
    -7877,
    23618
],
[
    -15741,
    -2243,
    17984
],
[
    -15741,
    3023,
    12718
],
[
    -15659,
    -15293,
    30952
],
[
    -15659,
    -8938,
    24597
],
[
    -15659,
    -8763,
    24422
],
[
    -15659,
    -8420,
    24079
],
[
    -15659,
    -2437,
    18096
],
[
    -15659,
    -585,
    16244
],
[
    -15659,
    2759,
    12900
],
[
    -15659,
    7225,
    8434
],
[
    -15659,
    7344,
    8315
],
[
    -15653,
    -4105,
    19758
],
[
    -15653,
    -2863,
    18516
],
[
    -15653,
    -2388,
    18041
],
[
    -15653,
    792,
    14861
],
[
    -15619,
    -13500,
    29119
],
[
    -15619,
    -12388,
    28007
],
[
    -15619,
    -4259,
    19878
],
[
    -15619,
    1919,
    13700
],
[
    -15619,
    6364,
    9255
],
[
    -15524,
    -10218,
    25742
],
[
    -15524,
    -2460,
    17984
],
[
    -15524,
    1909,
    13615
],
[
    -15501,
    -9096,
    24597
],
[
    -15501,
    -5860,
    21361
],
[
    -15501,
    -4257,
    19758
],
[
    -15501,
    -3990,
    19491
],
[
    -15501,
    -2141,
    17642
],
[
    -15501,
    -1806,
    17307
],
[
    -15501,
    874,
    14627
],
[
    -15477,
    -14531,
    30008
],
[
    -15477,
    -13155,
    28632
],
[
    -15477,
    -12041,
    27518
],
[
    -15477,
    -9732,
    25209
],
[
    -15477,
    -9037,
    24514
],
[
    -15477,
    2759,
    12718
],
[
    -15477,
    3638,
    11839
],
[
    -15462,
    -14452,
    29914
],
[
    -15462,
    -12235,
    27697
],
[
    -15462,
    -5933,
    21395
],
[
    -15462,
    -5475,
    20937
],
[
    -15462,
    -3221,
    18683
],
[
    -15331,
    -14782,
    30113
],
[
    -15331,
    -10400,
    25731
],
[
    -15331,
    -9243,
    24574
],
[
    -15331,
    -1483,
    16814
],
[
    -15331,
    1988,
    13343
],
[
    -15331,
    2590,
    12741
],
[
    -15331,
    2689,
    12642
],
[
    -15331,
    6184,
    9147
],
[
    -15317,
    -4026,
    19343
],
[
    -15317,
    -3596,
    18913
],
[
    -15317,
    792,
    14525
],
[
    -15293,
    -15121,
    30414
],
[
    -15293,
    -14866,
    30159
],
[
    -15293,
    -13631,
    28924
],
[
    -15293,
    -12716,
    28009
],
[
    -15293,
    -6417,
    21710
],
[
    -15239,
    -12458,
    27697
],
[
    -15239,
    -12393,
    27632
],
[
    -15239,
    -447,
    15686
],
[
    -15239,
    5356,
    9883
],
[
    -15206,
    -8801,
    24007
],
[
    -15206,
    1591,
    13615
],
[
    -15206,
    6059,
    9147
],
[
    -15121,
    -2863,
    17984
],
[
    -15114,
    -5532,
    20646
],
[
    -15114,
    -3555,
    18669
],
[
    -15086,
    -4257,
    19343
],
[
    -15052,
    -12957,
    28009
],
[
    -15052,
    -11662,
    26714
],
[
    -15052,
    -2989,
    18041
],
[
    -15052,
    3213,
    11839
],
[
    -15052,
    6214,
    8838
],
[
    -15016,
    -14530,
    29546
],
[
    -15016,
    -9096,
    24112
],
[
    -15016,
    -4105,
    19121
],
[
    -15016,
    -1806,
    16822
],
[
    -15016,
    20,
    14996
],
[
    -15016,
    3295,
    11721
],
[
    -15016,
    5475,
    9541
],
[
    -14915,
    -12393,
    27308
],
[
    -14915,
    -12041,
    26956
],
[
    -14915,
    -11670,
    26585
],
[
    -14915,
    -6864,
    21779
],
[
    -14915,
    -6511,
    21426
],
[
    -14915,
    -3555,
    18470
],
[
    -14915,
    -2141,
    17056
],
[
    -14915,
    6184,
    8731
],
[
    -14866,
    -2586,
    17452
],
[
    -14866,
    4460,
    10406
],
[
    -14866,
    4713,
    10153
],
[
    -14859,
    -13840,
    28699
],
[
    -14859,
    -10301,
    25160
],
[
    -14859,
    -10184,
    25043
],
[
    -14859,
    -9241,
    24100
],
[
    -14859,
    -6417,
    21276
],
[
    -14859,
    -4899,
    19758
],
[
    -14782,
    -10960,
    25742
],
[
    -14782,
    -9732,
    24514
],
[
    -14778,
    -5532,
    20310
],
[
    -14778,
    -1760,
    16538
],
[
    -14778,
    1637,
    13141
],
[
    -14606,
    -11670,
    26276
],
[
    -14606,
    -7845,
    22451
],
[
    -14606,
    -3490,
    18096
],
[
    -14606,
    1558,
    13048
],
[
    -14606,
    1919,
    12687
],
[
    -14606,
    5262,
    9344
],
[
    -14600,
    -6511,
    21111
],
[
    -14600,
    -3642,
    18242
],
[
    -14600,
    -2707,
    17307
],
[
    -14600,
    1558,
    13042
],
[
    -14600,
    5453,
    9147
],
[
    -14531,
    -14263,
    28794
],
[
    -14531,
    -12374,
    26905
],
[
    -14531,
    -10696,
    25227
],
[
    -14531,
    -9241,
    23772
],
[
    -14531,
    -9022,
    23553
],
[
    -14531,
    -6864,
    21395
],
[
    -14531,
    910,
    13621
],
[
    -14531,
    925,
    13606
],
[
    -14530,
    -9022,
    23552
],
[
    -14530,
    -7532,
    22062
],
[
    -14530,
    -7180,
    21710
],
[
    -14530,
    3015,
    11515
],
[
    -14530,
    5356,
    9174
],
[
    -14452,
    -11829,
    26281
],
[
    -14452,
    -9461,
    23913
],
[
    -14452,
    -7240,
    21692
],
[
    -14452,
    -5475,
    19927
],
[
    -14452,
    -5306,
    19758
],
[
    -14388,
    -10238,
    24626
],
[
    -14388,
    -3596,
    17984
],
[
    -14388,
    -2919,
    17307
],
[
    -14388,
    21,
    14367
],
[
    -14270,
    -10957,
    25227
],
[
    -14270,
    -8838,
    23108
],
[
    -14263,
    -13897,
    28160
],
[
    -14263,
    -7611,
    21874
],
[
    -14263,
    -5860,
    20123
],
[
    -14263,
    -585,
    14848
],
[
    -14263,
    -104,
    14367
],
[
    -14258,
    -13439,
    27697
],
[
    -14258,
    -6864,
    21122
],
[
    -14104,
    -13897,
    28001
],
[
    -14104,
    -12235,
    26339
],
[
    -14104,
    -9310,
    23414
],
[
    -14087,
    -9243,
    23330
],
[
    -14087,
    -3555,
    17642
],
[
    -14087,
    874,
    13213
],
[
    -14087,
    5356,
    8731
],
[
    -14003,
    -12374,
    26377
],
[
    -14003,
    -6493,
    20496
],
[
    -14003,
    792,
    13211
],
[
    -14003,
    4856,
    9147
],
[
    -13897,
    -5589,
    19486
],
[
    -13897,
    -3555,
    17452
],
[
    -13897,
    -1119,
    15016
],
[
    -13897,
    727,
    13170
],
[
    -13840,
    -5860,
    19700
],
[
    -13840,
    792,
    13048
],
[
    -13782,
    -13174,
    26956
],
[
    -13782,
    -11261,
    25043
],
[
    -13782,
    -10640,
    24422
],
[
    -13782,
    -6864,
    20646
],
[
    -13782,
    -4259,
    18041
],
[
    -13782,
    -585,
    14367
],
[
    -13782,
    5467,
    8315
],
[
    -13726,
    -10696,
    24422
],
[
    -13726,
    4103,
    9623
],
[
    -13706,
    -12879,
    26585
],
[
    -13706,
    -10960,
    24666
],
[
    -13706,
    -10301,
    24007
],
[
    -13706,
    -6417,
    20123
],
[
    -13706,
    20,
    13686
],
[
    -13658,
    -7908,
    21566
],
[
    -13658,
    -6088,
    19746
],
[
    -13658,
    -2586,
    16244
],
[
    -13631,
    -11242,
    24873
],
[
    -13631,
    -7180,
    20811
],
[
    -13631,
    -5860,
    19491
],
[
    -13594,
    -13304,
    26898
],
[
    -13594,
    -7528,
    21122
],
[
    -13594,
    -2156,
    15750
],
[
    -13547,
    -11662,
    25209
],
[
    -13547,
    -10859,
    24406
],
[
    -13547,
    46,
    13501
],
[
    -13547,
    727,
    12820
],
[
    -13547,
    860,
    12687
],
[
    -13547,
    6086,
    7461
],
[
    -13505,
    -7617,
    21122
],
[
    -13505,
    -6167,
    19672
],
[
    -13505,
    -4259,
    17764
],
[
    -13505,
    -1343,
    14848
],
[
    -13500,
    -12374,
    25874
],
[
    -13500,
    -7611,
    21111
],
[
    -13500,
    -447,
    13947
],
[
    -13439,
    -10640,
    24079
],
[
    -13439,
    -759,
    14198
],
[
    -13439,
    6214,
    7225
],
[
    -13417,
    -7617,
    21034
],
[
    -13417,
    -6939,
    20356
],
[
    -13304,
    -11753,
    25057
],
[
    -13304,
    -11293,
    24597
],
[
    -13304,
    -11270,
    24574
],
[
    -13304,
    -6242,
    19546
],
[
    -13174,
    -7341,
    20515
],
[
    -13174,
    -447,
    13621
],
[
    -13174,
    3015,
    10159
],
[
    -13174,
    3023,
    10151
],
[
    -13155,
    -10957,
    24112
],
[
    -13155,
    -7341,
    20496
],
[
    -13155,
    -1806,
    14961
],
[
    -13155,
    3900,
    9255
],
[
    -13016,
    -12041,
    25057
],
[
    -13016,
    -8763,
    21779
],
[
    -13016,
    -7041,
    20057
],
[
    -13016,
    -2954,
    15970
],
[
    -12957,
    -8824,
    21781
],
[
    -12957,
    -6493,
    19450
],
[
    -12879,
    -11318,
    24197
],
[
    -12879,
    -7617,
    20496
],
[
    -12879,
    -6242,
    19121
],
[
    -12879,
    3939,
    8940
],
[
    -12761,
    -11753,
    24514
],
[
    -12761,
    -11318,
    24079
],
[
    -12761,
    -9241,
    22002
],
[
    -12761,
    -6939,
    19700
],
[
    -12761,
    -2989,
    15750
],
[
    -12761,
    -1186,
    13947
],
[
    -12761,
    20,
    12741
],
[
    -12716,
    -7341,
    20057
],
[
    -12716,
    -7240,
    19956
],
[
    -12716,
    -104,
    12820
],
[
    -12641,
    -2445,
    15086
],
[
    -12609,
    -8682,
    21291
],
[
    -12609,
    -7269,
    19878
],
[
    -12609,
    -602,
    13211
],
[
    -12470,
    -9096,
    21566
],
[
    -12470,
    -8527,
    20997
],
[
    -12470,
    -5933,
    18403
],
[
    -12470,
    2391,
    10079
],
[
    -12458,
    -5306,
    17764
],
[
    -12458,
    3114,
    9344
],
[
    -12388,
    -2460,
    14848
],
[
    -12388,
    2246,
    10142
],
[
    -12374,
    -3596,
    15970
],
[
    -12374,
    -3555,
    15929
],
[
    -12374,
    -2151,
    14525
],
[
    -12235,
    -11318,
    23553
],
[
    -12235,
    -585,
    12820
],
[
    -12235,
    3295,
    8940
],
[
    -12228,
    -11242,
    23470
],
[
    -12228,
    -9732,
    21960
],
[
    -12228,
    -6242,
    18470
],
[
    -12179,
    -1900,
    14079
],
[
    -12179,
    -562,
    12741
],
[
    -12179,
    324,
    11855
],
[
    -12113,
    -8824,
    20937
],
[
    -12041,
    -9474,
    21515
],
[
    -12041,
    -2586,
    14627
],
[
    -11829,
    -8527,
    20356
],
[
    -11829,
    5465,
    6364
],
[
    -11753,
    -10218,
    21971
],
[
    -11753,
    -9642,
    21395
],
[
    -11753,
    -8824,
    20577
],
[
    -11753,
    -4026,
    15779
],
[
    -11753,
    -3333,
    15086
],
[
    -11753,
    -2445,
    14198
],
[
    -11753,
    -447,
    12200
],
[
    -11670,
    -10301,
    21971
],
[
    -11670,
    -4259,
    15929
],
[
    -11670,
    1591,
    10079
],
[
    -11662,
    -10400,
    22062
],
[
    -11662,
    -8853,
    20515
],
[
    -11662,
    -4088,
    15750
],
[
    -11662,
    -2863,
    14525
],
[
    -11555,
    -9022,
    20577
],
[
    -11555,
    -8801,
    20356
],
[
    -11555,
    -3406,
    14961
],
[
    -11555,
    -1186,
    12741
],
[
    -11433,
    -4257,
    15690
],
[
    -11318,
    -2288,
    13606
],
[
    -11318,
    -104,
    11422
],
[
    -11293,
    -9741,
    21034
],
[
    -11293,
    -3555,
    14848
],
[
    -11293,
    -759,
    12052
],
[
    -11293,
    -562,
    11855
],
[
    -11270,
    -8853,
    20123
],
[
    -11270,
    -1900,
    13170
],
[
    -11270,
    -585,
    11855
],
[
    -11261,
    1209,
    10052
],
[
    -11242,
    -10184,
    21426
],
[
    -11242,
    -1958,
    13200
],
[
    -11242,
    -1806,
    13048
],
[
    -11219,
    -8838,
    20057
],
[
    -11219,
    -8798,
    20017
],
[
    -11219,
    -8527,
    19746
],
[
    -11219,
    -6088,
    17307
],
[
    -11219,
    -3642,
    14861
],
[
    -11219,
    -2586,
    13805
],
[
    -11113,
    -9243,
    20356
],
[
    -11113,
    -2388,
    13501
],
[
    -11113,
    21,
    11092
],
[
    -10960,
    -9037,
    19997
],
[
    -10960,
    -8798,
    19758
],
[
    -10960,
    250,
    10710
],
[
    -10957,
    -8801,
    19758
],
[
    -10957,
    -2243,
    13200
],
[
    -10859,
    -7810,
    18669
],
[
    -10859,
    -7611,
    18470
],
[
    -10859,
    -3490,
    14349
],
[
    -10859,
    -3303,
    14162
],
[
    -10859,
    -2989,
    13848
],
[
    -10859,
    -1859,
    12718
],
[
    -10859,
    1919,
    8940
],
[
    -10859,
    4675,
    6184
],
[
    -10696,
    -10301,
    20997
],
[
    -10696,
    -8217,
    18913
],
[
    -10696,
    -3251,
    13947
],
[
    -10696,
    -2919,
    13615
],
[
    -10696,
    -2445,
    13141
],
[
    -10660,
    -7810,
    18470
],
[
    -10660,
    -5306,
    15966
],
[
    -10660,
    -2388,
    13048
],
[
    -10640,
    -3046,
    13686
],
[
    -10640,
    -1560,
    12200
],
[
    -10640,
    250,
    10390
],
[
    -10640,
    1909,
    8731
],
[
    -10400,
    -3221,
    13621
],
[
    -10301,
    -7341,
    17642
],
[
    -10301,
    -6864,
    17165
],
[
    -10238,
    -1483,
    11721
],
[
    -10218,
    -5532,
    15750
],
[
    -10218,
    874,
    9344
],
[
    -10184,
    -7810,
    17994
],
[
    -10184,
    -1331,
    11515
],
[
    -10184,
    929,
    9255
],
[
    -10130,
    -4866,
    14996
],
[
    -10130,
    4071,
    6059
],
[
    -10101,
    -7617,
    17718
],
[
    -10101,
    -5589,
    15690
],
[
    -10101,
    -2707,
    12808
],
[
    -10101,
    -2586,
    12687
],
[
    -9732,
    792,
    8940
],
[
    -9642,
    -7810,
    17452
],
[
    -9642,
    -7180,
    16822
],
[
    -9642,
    -6417,
    16059
],
[
    -9642,
    -3406,
    13048
],
[
    -9474,
    2246,
    7228
],
[
    -9461,
    -6468,
    15929
],
[
    -9274,
    -8849,
    18123
],
[
    -9243,
    -8853,
    18096
],
[
    -9243,
    -8798,
    18041
],
[
    -9241,
    -8938,
    18179
],
[
    -9241,
    -7418,
    16659
],
[
    -9241,
    1897,
    7344
],
[
    -9241,
    1909,
    7332
],
[
    -9037,
    -8270,
    17307
],
[
    -9037,
    -2437,
    11474
],
[
    -9037,
    -1636,
    10673
],
[
    -9022,
    -4026,
    13048
],
[
    -9022,
    3342,
    5680
],
[
    -8966,
    -8798,
    17764
],
[
    -8966,
    -1187,
    10153
],
[
    -8966,
    3114,
    5852
],
[
    -8938,
    -3303,
    12241
],
[
    -8853,
    -759,
    9612
],
[
    -8849,
    -7810,
    16659
],
[
    -8849,
    -6167,
    15016
],
[
    -8849,
    -2243,
    11092
],
[
    -8838,
    -5021,
    13859
],
[
    -8838,
    -104,
    8942
],
[
    -8838,
    2099,
    6739
],
[
    -8832,
    -4259,
    13091
],
[
    -8824,
    -7810,
    16634
],
[
    -8801,
    -5532,
    14333
],
[
    -8801,
    -4899,
    13700
],
[
    -8801,
    -3251,
    12052
],
[
    -8798,
    -6218,
    15016
],
[
    -8798,
    1454,
    7344
],
[
    -8682,
    -7908,
    16590
],
[
    -8682,
    -7240,
    15922
],
[
    -8682,
    1454,
    7228
],
[
    -8527,
    -7532,
    16059
],
[
    -8527,
    2099,
    6428
],
[
    -8527,
    4247,
    4280
],
[
    -8385,
    -6242,
    14627
],
[
    -8385,
    -5589,
    13974
],
[
    -8385,
    -4423,
    12808
],
[
    -8385,
    -4257,
    12642
],
[
    -8385,
    -2707,
    11092
],
[
    -8385,
    -2288,
    10673
],
[
    -8385,
    2705,
    5680
],
[
    -8270,
    -5589,
    13859
],
[
    -8270,
    2590,
    5680
],
[
    -8270,
    2803,
    5467
],
[
    -7908,
    -2243,
    10151
],
[
    -7845,
    -7628,
    15473
],
[
    -7845,
    -2314,
    10159
],
[
    -7810,
    -2863,
    10673
],
[
    -7810,
    3302,
    4508
],
[
    -7679,
    -5532,
    13211
],
[
    -7679,
    3023,
    4656
],
[
    -7642,
    -2437,
    10079
],
[
    -7628,
    -1331,
    8959
],
[
    -7617,
    -6242,
    13859
],
[
    -7617,
    -5431,
    13048
],
[
    -7617,
    1558,
    6059
],
[
    -7611,
    -6468,
    14079
],
[
    -7611,
    -5589,
    13200
],
[
    -7611,
    -5431,
    13042
],
[
    -7611,
    -1331,
    8942
],
[
    -7535,
    -6242,
    13777
],
[
    -7532,
    -1408,
    8940
],
[
    -7528,
    -6088,
    13616
],
[
    -7418,
    2705,
    4713
],
[
    -7341,
    -1806,
    9147
],
[
    -7269,
    -6417,
    13686
],
[
    -7240,
    -2919,
    10159
],
[
    -7240,
    -2707,
    9947
],
[
    -7240,
    -104,
    7344
],
[
    -7240,
    3340,
    3900
],
[
    -7180,
    -1760,
    8940
],
[
    -7049,
    -2288,
    9337
],
[
    -6954,
    -6088,
    13042
],
[
    -6954,
    -4322,
    11276
],
[
    -6954,
    3015,
    3939
],
[
    -6511,
    -3642,
    10153
],
[
    -6493,
    -759,
    7252
],
[
    -6493,
    1637,
    4856
],
[
    -6493,
    2099,
    4394
],
[
    -6493,
    2246,
    4247
],
[
    -6417,
    -2314,
    8731
],
[
    -6417,
    1909,
    4508
],
[
    -6242,
    250,
    5992
],
[
    -6167,
    1454,
    4713
],
[
    -5860,
    -4088,
    9948
],
[
    -5589,
    -3271,
    8860
],
[
    -5589,
    -1636,
    7225
],
[
    -5589,
    1558,
    4031
],
[
    -5532,
    -3642,
    9174
],
[
    -5453,
    -4159,
    9612
],
[
    -5453,
    -4088,
    9541
],
[
    -5453,
    -3487,
    8940
],
[
    -5021,
    -1343,
    6364
],
[
    -4942,
    1919,
    3023
],
[
    -4913,
    -562,
    5475
],
[
    -4913,
    -104,
    5017
],
[
    -4899,
    -2445,
    7344
],
[
    -4899,
    -1187,
    6086
],
[
    -4423,
    -1636,
    6059
],
[
    -4259,
    -1760,
    6019
],
[
    -4257,
    1454,
    2803
],
[
    -4185,
    -2243,
    6428
],
[
    -4185,
    860,
    3325
],
[
    -4159,
    -1900,
    6059
],
[
    -4159,
    1454,
    2705
],
[
    -3765,
    -3487,
    7252
],
[
    -3728,
    925,
    2803
],
[
    -3596,
    -1760,
    5356
],
[
    -3555,
    -2437,
    5992
],
[
    -3406,
    -3333,
    6739
],
[
    -3406,
    -2586,
    5992
],
[
    -3333,
    -1523,
    4856
],
[
    -3251,
    860,
    2391
],
[
    -3221,
    -104,
    3325
],
[
    -3218,
    874,
    2344
],
[
    -2989,
    -2863,
    5852
],
[
    -2989,
    -1331,
    4320
],
[
    -2919,
    -2437,
    5356
],
[
    -2919,
    -104,
    3023
],
[
    -2437,
    46,
    2391
],
[
    -2388,
    -2072,
    4460
],
[
    -2388,
    -1859,
    4247
],
[
    -2314,
    860,
    1454
],
[
    -2288,
    -1560,
    3848
],
[
    -2288,
    -602,
    2890
],
[
    -2243,
    -2151,
    4394
],
[
    -2243,
    324,
    1919
],
[
    -2156,
    -1186,
    3342
],
[
    -2156,
    -90,
    2246
],
[
    -1859,
    -1483,
    3342
],
[
    -1806,
    -585,
    2391
],
[
    -1483,
    -1343,
    2826
],
[
    -1119,
    -90,
    1209
]